"1" "2" "3"
"100361" 0.0010508330337775 0.000558968321565879 6.29720400217755e-05
"100887" 0.000951967624729888 0.00248177168265786 9.00616008241995e-10
"102029" 0.00221961002874811 0.00173376959615835 9.86675688186631e-06
"102173" 0.00322099453759229 8.1113958392655e-10 1.16211782317157e-08
"102282" 3.57189807799224e-10 0.00192637531190084 0.000102088420766457
"102350" 0.000797051986383044 2.58391886489513e-05 6.38817889023164e-10
"102370" 0.000566443391483586 0.00158222263695588 9.02888283834643e-10
"102371" 0.00309838905087719 1.02975265809372e-06 5.98439755025538e-10
"102397" 1.70955664414331e-05 0.00178333534091235 0.00314687497838883
"102445" 0.00307827348271601 1.12414831613233e-05 5.64631249648143e-10
"102466" 0.00153448046563277 0.00116198492026404 0.000316328771142762
"102503" 0.00338703142285904 0.000193100826351356 7.07388980945406e-10
"200069" 0.00487925612665694 0.000606747837252186 0.00086809210022154
"200108" 0.00217336627860027 0.00716174972379836 8.13178147382764e-10
"200174" 0.00341732270443576 0.000221957114005967 5.05564961495607e-05
"200195" 0.000367968260362897 0.00207911575766626 6.97694711482129e-05
"200246" 4.36019831739492e-10 0.000122720300310076 0.00346861362666558
"200291" 3.44514967656372e-10 1.74807619208701e-05 0.00182270799862124
"200293" 0.00015534961189784 0.000570702963878968 0.0020903486347351
"200305" 0.00158402960053318 8.59141422824535e-10 0.000312430752183849
"200311" 0.00155884653599434 0.000278458334873304 0.000262990723435528
"200314" 3.29862296931568e-10 1.56005316251947e-05 0.00579762804718859
"200325" 3.30577057082337e-10 1.75562511942352e-05 0.00467677148644115
"200329" 0.00026390727585192 0.00413209674207761 0.000520785790148039
"200366" 3.47730827894179e-09 0.00281928745882634 2.11908221199506e-06
"200369" 3.24940568592078e-10 4.83095834541986e-10 0.00459333504950251
"200390" 0.000220730116894387 7.96141649462496e-05 0.0012848979239632
"200392" 0.00170584108419438 5.79797108343976e-10 0.00459995941949158
"400562" 0.000529907160254098 0.0025996626268653 7.46216643682272e-05
"400628" 0.000415119740631668 0.0014306759417648 0.00113679122479158
"401005" 0.00268374646536068 8.86347079678361e-06 0.00103268949407318
"401009" 0.00239448430333466 9.62853378126584e-05 3.75301735592577e-05
"401010" 0.000844184126984835 0.00143078732219245 0.000751487273298118
"401013" 4.79402455649741e-10 0.00130950410811622 0.00232538455586019
"401063" 1.65246189655391e-06 8.4652666351004e-06 0.0019080913840839
"401113" 0.000540806130756837 5.50283289345819e-05 0.00164600110704914
"401122" 0.00163786676459322 0.000202529259533945 9.78704486856901e-05
"401126" 0.00323501147090047 2.05298473752335e-05 1.54710213485473e-05
"401233" 0.0027872135781251 9.2058643329922e-10 8.95177553377111e-06
"401513" 0.000119885236893303 0.00108899640873741 0.00103266915737852
"401577" 3.25021434827444e-10 4.57547406975035e-10 0.00193755247270339
"401592" 0.0041056084599893 5.49086115430221e-10 1.81068305701244e-06
"401601" 0.00482219605637357 9.2369493471177e-10 4.31432779424543e-10
"401603" 0.00230698905262869 2.00564684868355e-08 1.17921347540972e-09
"401658" 0.000551934637952702 1.19717004799689e-05 0.00214690817476368
"401682" 5.06701814307383e-10 0.00502983820632656 0.00045494702395943
"401693" 3.26619163835734e-10 5.14936703587450e-10 0.00123498100044472
"401705" 0.00374610253760242 9.84421426194029e-10 2.64454398626399e-06
"401754" 0.000769794361940614 0.000188429127841118 0.00442692043523642
"401757" 0.00421475256196537 1.04387082293046e-06 0.000144973760558611
"600112" 3.46564753702395e-10 4.91609823982828e-10 0.00148343864561453
"600216" 4.30115008628364e-10 3.29309722473769e-07 0.00380695354896726
"600656" 0.000541494336375639 0.000373992695527453 0.000408188241857038
"600683" 3.58476230989465e-10 0.00358064790797236 0.00614488088126482
"600690" 3.25340667740723e-10 0.00486656467398879 4.16032658771232e-09
"600710" 0.00412086598471788 0.000469191369346899 0.00191751286654869
"600987" 3.79527922167623e-10 0.00305729443211376 0.000259578907842792
"602062" 3.24733560011587e-10 0.000556044264634864 0.00219594457137423
"602129" 1.17191219650428e-05 5.70255752210225e-10 0.00336060174348463
"602175" 4.46088926272906e-05 0.000123499936969826 0.00164236670570409
"100291" 0.00243317102707055 0.000583366599235413 2.50264538743373e-05
"100292" 0.00226258886298816 1.69046895501759e-06 3.21959703904535e-08
"100294" 0.00331707893225234 9.38879350253247e-10 1.511191131571e-05
"100303" 0.00179763032586659 2.47960927397825e-06 2.58449987711983e-05
"100356" 2.00443308427025e-05 0.00409768498333217 7.47135812685368e-05
"100365" 0.00206500569811833 0.00342029519145145 2.18063035096688e-05
"100489" 0.000937476098687824 0.00565059289592004 0.00043846194520905
"100545" 0.002058030662182 0.00319785604638843 1.48607414898783e-07
"100562" 0.001827095880579 2.07667587918098e-05 0.000775894236239372
"100567" 2.07433497017131e-08 6.47348787521868e-10 0.00301174106817942
"102025" 6.84772680989746e-10 0.00528254700904646 0.00230480264799709
"102033" 0.00249634055987358 0.000326319895989829 1.05029230070969e-05
"102037" 0.00489518621778321 3.7818060836583e-05 1.28192144056711e-05
"102225" 0.00225178339619933 5.55089082955946e-10 3.39274659241855e-06
"102238" 0.00144716628515179 1.15723715128002e-09 5.61230258320829e-10
"102243" 0.00103510627257244 6.05214585845294e-10 9.38581522464143e-07
"102271" 0.00223566921896754 3.06516350736279e-09 3.05755452793993e-05
"102314" 0.0018331852396994 5.62608570539558e-06 1.77917326107194e-05
"102318" 0.0014889642090968 0.000146342861230408 1.56020404028358e-05
"102323" 0.00192509603681902 8.1923482997568e-06 2.4596385019246e-07
"102331" 0.0019646230311575 2.02918719468279e-09 3.71946263159846e-06
"102332" 3.50598062737414e-10 0.00260923503334733 7.66345227751878e-05
"102361" 0.00373482244617737 2.26845091058861e-05 7.45198644217103e-05
"102364" 7.33971350994803e-05 0.00254296331185467 2.70430820568086e-06
"102372" 0.00251320039723541 0.000703788684908052 4.88259998930547e-10
"102382" 0.000143167535457999 0.0027259656248786 1.48612264330511e-09
"102405" 0.00222918875091102 0.000537952037230255 7.18314749072083e-10
"102416" 0.00319304539812492 5.66214142734535e-09 3.36243536848914e-08
"102447" 0.00189190531582828 0.000433774134270673 5.57349272974253e-10
"102474" 0.00292005749125973 0.000145207240385387 4.37547239534849e-05
"102475" 0.00290066625373942 5.79143740916379e-09 2.24582108813654e-05
"102480" 1.79774805277132e-05 0.00277013351412374 7.6976447884288e-10
"102490" 0.00196377486168976 0.000141430749235872 0.00125076297092676
"200158" 0.00650851145462525 4.46983989032063e-05 8.38821491867422e-06
"200159" 0.000188698523153123 0.00227123126134559 0.000155222128141135
"200165" 0.000795160894832598 0.00602368868735057 0.000240926714026445
"200167" 0.00145986463960401 0.00428315717896642 2.81670193899081e-05
"200170" 0.00655047233513791 3.30267534818356e-06 5.58530852076865e-10
"200171" 7.44147941123126e-10 0.00463715528911358 1.0351444081721e-09
"200172" 0.000644035874702673 0.00912757628054655 4.764928063848e-10
"200205" 1.01610943057873e-05 0.00108447885290381 0.00191744089866999
"200211" 0.000887756912282909 0.00188404234966673 0.000512734325579615
"200214" 0.0014004135766159 2.55349215118283e-06 3.45050359160551e-05
"200220" 5.00978048881947e-10 0.00288796606040073 0.000301759116654965
"200235" 0.00691226855052429 9.81903127513188e-05 1.4212395270421e-08
"200237" 0.00101494943935613 0.000153959761501983 3.49819957324011e-05
"200243" 0.00183153154644295 6.77116703821415e-05 0.000172963089648507
"200251" 0.00229910363292963 0.000401044773342824 0.000244232164198141
"200252" 8.07566984343668e-07 4.61774702380536e-05 0.00396111810025628
"200256" 0.000942380264288109 0.00140301510556595 0.000307622897564486
"200264" 0.00163850789722621 0.000180246148960059 5.35368131054637e-06
"200277" 3.75859152481259e-10 0.000598627487890175 0.0017829965236021
"200284" 0.000769717633718611 0.00102884209963074 5.0092762795923e-09
"200317" 4.41697642219312e-10 0.000865622034503954 0.000725201072851248
"200319" 3.7973721718999e-10 0.000811443848480799 0.00316961067288033
"200336" 2.651812227274e-06 0.00103168028271425 0.00280501105146498
"200338" 0.00343374183970284 0.000118346857672912 0.000528232626210933
"200342" 4.73291583172018e-05 0.00473931043476459 0.000266574772840172
"200355" 0.00104764720615935 0.0018285157880504 0.000100119337798634
"200357" 4.18054130873654e-09 0.00513413648414572 0.00030924755712324
"200358" 0.00238655481527144 1.01925849168346e-09 1.08169176610618e-09
"200401" 4.48758338157616e-05 0.00437825459527359 0.000130803429795499
"200404" 4.22440686622945e-10 0.00186671949635722 0.00102934418798574
"200406" 4.24325328461478e-05 0.00410480477747052 6.82869912134716e-10
"200407" 0.0026767412571239 0.00101153872993974 2.45195902061065e-05
"200410" 0.00408752039834638 1.61817062844094e-09 5.43963109383871e-05
"200412" 8.86613497875613e-10 0.00401104349772963 0.000228260562225686
"200414" 4.63524184464641e-07 0.000291729451108201 0.00255550248472099
"200418" 0.00243992292284607 9.94892106561564e-05 1.41016960137796e-05
"200420" 4.41366044178636e-10 0.000207494292349543 0.00397409258446491
"200429" 3.45878522752096e-05 0.000568353070216033 0.000973032831271452
"400559" 0.00390964648867584 4.99148239984672e-06 1.17412767680486e-09
"400561" 0.00238195459042564 0.000334838525690251 4.06159755778988e-05
"400629" 0.00219285237209855 6.95394221351408e-06 0.00027968501302288
"400630" 3.56595565913004e-10 0.000183913214111081 0.00300453311574168
"400637" 0.000656460789514849 0.00455166226215674 0.00040372213000827
"400680" 3.76867204337451e-10 0.00505108813018587 2.35415570783241e-05
"400968" 0.0019836293629415 1.1861443623395e-06 5.31140061233061e-06
"400970" 0.00207643501483606 0.00232093221714376 0.000109012261297141
"400975" 0.00365092236129884 4.94236667751188e-10 4.05996067273617e-10
"400994" 0.00245933688536459 9.56187085550476e-10 4.08609034885319e-10
"401006" 0.00287234492716842 0.00010847297757485 0.000148067668303934
"401011" 0.00150793743139495 0.000565006521049503 0.000122154570688673
"401015" 7.43117863474313e-08 0.0029814040010771 0.000180324013043227
"401017" 0.00493705194999574 0.000348525982661081 4.59471613836733e-10
"401026" 0.00339008592818981 5.22148115134585e-10 2.1894458616842e-07
"401029" 0.00407215219922605 5.04272070870421e-10 1.32274772517475e-06
"401034" 0.000551096053374468 0.00474532746128241 0.000140855615922266
"401079" 6.79886236526048e-10 0.000777017972439871 0.00217532251311828
"401098" 0.000732761440998886 0.0011635461329882 4.64722807376736e-10
"401100" 0.00210534801220851 4.79870575757982e-05 1.12123877149408e-06
"401121" 6.02124184405805e-05 0.00222986596203351 0.00105023621467095
"401129" 0.000170841454152967 0.00272523331275001 0.00133303816803687
"401134" 0.00110095960923645 6.9715299872316e-10 8.91771673525443e-08
"401373" 0.000997832468749622 0.000343832355084997 2.47295845206768e-05
"401404" 0.000897499892968334 0.000272149269982727 0.00412335201618107
"401530" 0.00317003849526668 7.03108402589758e-10 4.40737562765586e-06
"401545" 6.82502143922019e-05 0.00149171677585152 0.000820948300679879
"401554" 0.00165119515508014 1.20964207389367e-09 3.22744832172303e-05
"401560" 0.00162406022959282 0.000159697451218736 0.000599060080112426
"401602" 0.00141697211124063 0.000971850500008794 1.37132028512664e-05
"401604" 0.00312922259146741 0.000260721968841962 5.90049952044362e-07
"401608" 0.00411302511319552 1.05473042839568e-09 0.00031523886419687
"401718" 3.34486150343422e-10 0.00328155822397485 4.07912308928635e-05
"401722" 0.00332509823798332 5.21285322303945e-10 4.58370043670748e-10
"401728" 0.00441070757788244 6.50193834892706e-10 2.32107168718358e-06
"401730" 5.04096774961903e-06 0.000199325229751419 0.00307323413259261
"401735" 0.00179812466093012 0.000197698875348289 0.00140361363266372
"401736" 0.0044707738985063 6.43377769657564e-05 5.58915138708179e-10
"401737" 0.00402538831126407 6.08969228380095e-07 1.76116107213479e-09
"401738" 0.000850544887677911 0.00292643655418292 3.23877475612611e-09
"401764" 0.000744829362264841 0.00227790541354597 0.00363272501911314
"401796" 0.00453868715325714 4.81017807832283e-10 4.02771514655555e-10
"401812" 7.88053242317377e-10 0.00104346728863965 0.00210662667764041
"401881" 0.00155622263331023 2.41789061595169e-05 0.00151723652343548
"401883" 0.00215346086844574 0.000229199933696316 0.00155924146633086
"600052" 0.000972684205726748 5.74836018004084e-05 3.44148148772061e-06
"600083" 1.12247323800884e-09 0.0020262804616328 4.59904784944218e-10
"600090" 0.000151163311422807 0.00276688380428234 8.39498375592716e-05
"600166" 0.000112422329145313 0.00164566543243859 1.64384734815269e-09
"600173" 4.54541114134788e-10 0.00305282045341209 0.000156063713958419
"600262" 6.57770317118598e-06 0.00168184625565655 6.02651045534453e-10
"600319" 0.000943541553423996 0.000814115120262835 6.10557283865006e-10
"600346" 0.000508800361644701 0.00355436447784918 0.000293976863076615
"600362" 4.74128885746704e-10 5.38923688161912e-05 0.00174204551168917
"600584" 0.00104346495555346 8.37703736691996e-05 4.26747693958593e-06
"600627" 0.000311132702824489 0.00534022141800593 2.67534127378543e-05
"600632" 0.0021212749638619 0.000398805852263275 7.85391849827601e-10
"600633" 3.6060444936735e-10 0.00296887158265323 0.000839936446630736
"600635" 3.5054581800083e-10 0.00152954392654748 0.000238599669437225
"600648" 0.000542299439394893 0.00155256004729578 1.63273262100083e-09
"600666" 0.00327192223262618 0.000248522262393542 7.1431205328959e-05
"600668" 8.31702892918884e-10 0.000541911485108769 0.00213658140415499
"600671" 7.67668356836739e-10 0.00339917192040321 0.000575291207145489
"600686" 4.47886601200376e-05 0.00204896395844827 0.000476662805611144
"600729" 8.4201788038049e-06 0.00315197987736252 7.76652109041437e-05
"600781" 1.12264568655728e-06 0.00520433621967129 0.000238673857631108
"600789" 0.00107921896705684 0.00666877022780635 2.04325847298626e-07
"600798" 0.00132634067799812 0.00122015943521288 1.05918994194931e-09
"600801" 0.00111372146078418 0.00101198299272863 4.38888513803404e-10
"600812" 3.8697289762435e-10 0.000962172288103432 0.00145605367475715
"600816" 4.42018122838633e-10 0.00410613077443636 6.02291251158962e-10
"600890" 1.64714225893235e-05 0.00021934613457557 0.00505912196571071
"600901" 0.00162487821683175 0.00358204706688339 5.49949129357559e-08
"600913" 3.03295479795799e-05 0.00323090846586495 0.00186210707340029
"601001" 4.27060934370339e-10 0.00461619358735753 1.58072803454422e-09
"601003" 4.38414614553834e-06 0.00323146679717556 0.000908132153608476
"601056" 0.000327737573658084 0.0022585439187316 0.00246609080632812
"602036" 0.00289008295629714 1.41052399053992e-09 2.31016400666297e-08
"602039" 4.58752490150649e-10 0.000789475639003172 0.00101164570949774
"602040" 0.000187434369866064 0.0017332489548949 7.42831271133577e-05
"602061" 5.78171038034826e-10 0.00276342820818179 5.69419484779799e-10
"602085" 4.67827389427628e-10 4.89189552723172e-10 0.00171206129274318
"602102" 2.67794673193143e-07 0.00351698727629408 6.01221526745002e-05
"602107" 4.14815266080153e-10 0.00185509793769831 1.87892890990477e-05
"602133" 0.00154429927779963 1.30740856749732e-05 4.03181710149728e-10
"602372" 2.53382932640952e-06 0.000226477204020044 0.00373681090575224
"100275" 0.000823763118172146 0.00243018121513909 0.000132362514033243
"100322" 7.5616716803785e-06 1.5920943719876e-09 0.00188020301111327
"100341" 0.00138366292855076 0.000156024229222876 0.00149915777846309
"100556" 0.00224378690928299 9.44439958263615e-08 0.00182753976150019
"100636" 0.00302946616157619 0.00341052046418656 7.99353439953957e-06
"100749" 0.000190766185011948 0.00600266247097061 6.31320769981797e-09
"100815" 0.0015749168411871 0.000118905958618711 3.33461101380578e-05
"100821" 0.00125897356305766 4.2279614362529e-05 2.19932044232555e-05
"100829" 2.06561859961031e-08 0.00457420929186185 3.15226737760202e-08
"100831" 5.03414897222165e-05 3.03057596393975e-05 0.00381924570525439
"102027" 0.00108439387570182 0.00517250511956264 9.89330736295591e-07
"102039" 2.74086695451893e-05 0.00222462185137239 0.00306636015473042
"102047" 4.81557925177692e-10 0.00204481483244015 0.000986612209409006
"102075" 0.00406453126742437 0.000277474838675458 4.93067288782848e-10
"102099" 3.60109765042987e-10 0.00571433824651374 0.000119016687196222
"102106" 1.54327967396236e-07 0.0066493291666169 0.00115765989626259
"102117" 3.85530638598674e-10 0.00435650133155045 3.60077784055868e-09
"102257" 1.66473497692624e-05 1.22820293413582e-05 0.00250731719462242
"102258" 1.15824663047127e-09 6.09306625230205e-05 0.00242369146871186
"102267" 1.22580569629547e-05 3.69746357861506e-05 0.00256680352804153
"102288" 1.65077357831764e-05 0.000239225783720931 0.00301392520691621
"102298" 5.17396040525974e-05 0.00139105425392938 0.000296838134148527
"102301" 0.000243310957997328 0.000464955597957183 0.000614082317683554
"102304" 0.0010993799722534 0.000772026652854787 9.812584071716e-10
"102311" 0.000227198584359167 1.4159848470191e-05 0.00231167880629203
"102348" 0.00108462476659669 9.80076573418987e-05 2.11156093288616e-05
"102355" 0.000502362669803619 5.83645514925805e-05 0.00126659235938348
"102373" 0.00192569124112908 1.19147192642245e-07 0.00131480540388414
"102375" 4.34952974864823e-07 0.0017553061417675 0.00167257700584061
"102384" 0.00144631256717445 0.000398225462395511 4.98365390261148e-08
"102390" 0.000287255024119984 7.51608977318e-05 0.00471342241345558
"102396" 0.000963452983148388 0.00178928118965299 0.00138539377766794
"102427" 0.000489124574418043 0.00270292063618261 1.05242417628194e-09
"102442" 0.0020429381407665 5.12688768776319e-05 6.302050711745e-10
"102452" 0.00197456592253238 0.00131286878958493 0.000167483996691128
"102460" 2.02123064329559e-06 0.00127948646844817 0.00348978327705157
"102465" 1.28798744688916e-05 1.11827197157645e-05 0.00317063200873914
"102471" 0.00331535336343831 8.11159874811753e-05 2.59523672152246e-05
"102489" 5.58563015918083e-06 8.96118380106963e-07 0.00338093605075295
"102494" 5.53131245228123e-10 0.00316402583766545 1.03893854647535e-09
"102495" 7.2969787687896e-06 0.00315977676436566 0.00171835412960478
"200068" 8.88628373034644e-05 5.52828576054131e-09 0.00553600634401814
"200079" 0.00506008169067474 1.29595963239049e-09 2.6004367037981e-05
"200129" 0.00241150044157046 8.22382878768078e-10 6.31844208346786e-05
"200131" 4.66699591532522e-10 0.000278887672068656 0.00302483125653268
"200132" 6.19416200939137e-09 0.00208217254569437 0.00176634495419036
"200140" 0.00570538013682746 0.00217547707132754 0.000292613121847444
"200143" 0.00213940232191562 0.000182055279255194 1.01348730521268e-05
"200144" 9.41387599215102e-10 1.13852703813669e-09 0.00530008087917679
"200147" 4.48329838350747e-06 5.13517410357017e-06 0.00515006140139071
"200149" 3.45390541000998e-10 1.56937991423147e-09 0.00342725340434944
"200154" 0.00119920816338803 0.000211737671250234 0.00499021040570481
"200156" 6.91801074203488e-10 6.53516628440992e-10 0.0044388313684293
"200157" 3.27963713039005e-10 4.9667242207754e-10 0.00255138897824812
"200175" 0.00145520009961188 2.19971640155437e-05 0.00262928668464727
"200178" 6.94274471078852e-10 2.78172721336964e-09 0.00319236545443364
"200184" 5.80613294025086e-05 0.00120535164655429 0.000665344590330675
"200192" 3.60041745000666e-10 3.70958232609198e-05 0.00283027288957259
"200196" 4.2210833376871e-10 0.00175184976443219 0.00440820167599406
"200199" 3.55972077701425e-10 6.14901461727394e-05 0.00414360353794036
"200242" 0.000939634790248672 0.000277108172841467 0.00108543978106759
"200244" 4.68488034530233e-10 8.27483573444521e-10 0.00591913798410437
"200287" 4.94133520496633e-10 4.55316734106635e-10 0.00269649642879745
"200288" 0.0013987575916856 0.000170043828602214 0.000400019766571242
"200295" 3.32142416886301e-10 0.00091343787800045 0.00418788632196497
"200298" 0.000275175774132553 0.004844241384273 2.92519509936639e-05
"200299" 5.06355265051275e-05 0.00205580864250633 0.000280625117245532
"200300" 6.65949786554848e-10 4.92517274756088e-10 0.00182793835219055
"200301" 9.78107412411405e-06 1.41978325984854e-05 0.00446310502004393
"200302" 1.54262340900442e-06 0.000560121567789965 0.00155045195958351
"200304" 0.00195756720589329 0.00121664488595545 0.000126472840072956
"200306" 0.000321652477073718 0.00267826650954991 0.00193135125373594
"200312" 0.00209255338857168 1.81499954797613e-08 0.000545337487159677
"200324" 3.49806722668877e-06 0.000647691227573914 0.00261682795528885
"200328" 0.000237222000030225 0.00217934909348723 0.00331894862986763
"200331" 3.24887739551371e-10 2.30554931860099e-05 0.00685471962569613
"200332" 1.61077438223776e-09 0.000484356405421205 0.00388770939461968
"200347" 7.41436770662674e-10 0.000589440834245905 0.00573941137662837
"200350" 3.47124586041177e-10 5.69529032970903e-06 0.00440345259826742
"200363" 3.85687841625078e-10 4.7323942336772e-10 0.00296374510998468
"200364" 3.41746642400355e-08 5.04942622622219e-10 0.00456823872212706
"200365" 6.14121676128265e-06 0.000640178678932267 0.00564877120620978
"200370" 4.27084887263954e-10 5.43139896393178e-10 0.00298357985057861
"200371" 0.00289187113844975 0.00121799071816034 2.41726468952962e-09
"200377" 7.00806649419637e-07 5.12999632042875e-10 0.0027488734388321
"200378" 5.35219125240285e-06 0.000714960117534224 0.00188089667238043
"200379" 0.000198704974825213 5.44626282861507e-05 0.00275019607389897
"200381" 3.24292236298807e-10 4.68190950353784e-10 0.00600474153955291
"200383" 3.36261203275289e-10 5.05346355464676e-10 0.00234782071852232
"200385" 0.00177727233969978 0.000969010365489548 0.000133454301856346
"200386" 0.000811849557978199 0.000835828624160367 0.00244278200382786
"200387" 5.50400218504587e-10 0.00441030840819612 6.24257762941916e-05
"200425" 3.54983578424573e-10 0.000103804420216697 0.00378413757810775
"200430" 4.92389115123695e-10 0.000177853403642755 0.00311853498023026
"200434" 7.03273762777646e-10 0.000644406599422192 0.00219293949193289
"200442" 0.00205793835924727 0.000184346245054094 4.12767281637789e-10
"400560" 0.00131115947240716 0.000287635600163352 0.000246069662610608
"400636" 1.11241598085462e-05 0.000389842625517587 0.00256610039140825
"400640" 0.00134952356347782 0.000809265951417783 0.000713478985153884
"400642" 1.62847499447789e-05 7.75709446605358e-05 0.00272274858029149
"400656" 3.33778156272486e-10 0.00120478940926919 0.00041593569870286
"400679" 0.000457409669624507 0.00083111058724888 0.000632449074198569
"400881" 2.76822053812864e-05 0.000520852096729496 0.00370497050838077
"400921" 3.81611628404731e-05 0.00493524226806039 0.000958271771626292
"400969" 3.39616674565933e-10 0.000574954366786349 0.00343693997549953
"400995" 5.18734317104886e-10 0.000196486795683444 0.00295254770927073
"401035" 0.000100929489886895 0.00170137671273635 0.000808783482563978
"401039" 1.73415775904824e-06 8.29228173700241e-05 0.0025218919949756
"401072" 5.89340270421248e-10 7.00299459012505e-10 0.00468520122234033
"401073" 3.30105717161283e-10 0.0017838061609788 1.06669025898023e-05
"401078" 3.32482848046815e-10 2.77657199003755e-09 0.00259627633601026
"401083" 3.26282775657402e-10 3.30993932328586e-06 0.00155145982355859
"401085" 3.28364705677292e-10 5.93467012226275e-10 0.00253781767486787
"401091" 1.2739229688436e-06 1.97526929745158e-06 0.000769174417724979
"401093" 0.00252590523241831 1.09686021371392e-08 2.43587645317655e-06
"401105" 0.000408072250436222 0.000160838584992694 0.00160317865772003
"401107" 3.37312667057675e-10 0.000964506798846169 0.00217741118212169
"401109" 4.97915406839124e-10 0.000363765564856078 0.00272325165188415
"401111" 3.46324111651067e-10 0.00211504374010778 0.000621957260736316
"401135" 3.5152884005745e-05 0.000248428418742596 0.00107331028959976
"401140" 3.68148911673007e-10 8.48671831292008e-06 0.00306470738576295
"401181" 6.21543185118271e-05 0.00437032295255959 8.63257912860673e-05
"401200" 3.05499576221586e-09 0.00140814843947988 0.001188836436128
"401235" 0.000853100917903706 0.00226528432131309 9.78430660228065e-05
"401241" 1.27586840089962e-09 4.12211113511653e-05 0.00171686575262498
"401261" 3.2682753248163e-10 1.72106546994375e-06 0.00290061031930011
"401378" 0.00247910308461184 6.94579957120719e-05 4.17725011550303e-10
"401547" 9.261362448676e-05 0.000438053907167571 0.00220835340338485
"401567" 8.67178244071534e-07 1.45122423950737e-09 0.00298042198550667
"401572" 4.70457174243231e-08 0.000511028132593244 0.00103571089040423
"401581" 0.000559790594556053 0.00125017923508188 0.000141968396033593
"401605" 0.00439165930192637 0.000426275446225217 7.79637292471905e-05
"401609" 0.00451744393973058 5.40644538612636e-09 6.36547184145612e-06
"401624" 3.83292409826742e-05 5.20747543718096e-05 0.00169535092795425
"401635" 1.22365656586404e-06 6.45282731305109e-10 0.00240164038356071
"401644" 3.2625224679755e-10 0.000518831021046937 0.00149959044458773
"401645" 3.33695417425274e-10 1.65492582298828e-08 0.00130804239686253
"401666" 1.40687726970289e-05 3.19447302606323e-05 0.00322780493759084
"401704" 9.5160563997623e-05 6.99575732152007e-10 0.00553659369692439
"401710" 1.11270902124759e-05 0.00180964082362667 0.00291873607991837
"401711" 7.60065302249368e-10 1.56264723867007e-06 0.00341645801088551
"401739" 8.97184925555691e-10 2.30489913598141e-06 0.00562163704017366
"401740" 1.07845294375596e-05 0.00553322140855173 0.000764991058767485
"401750" 0.00306666531251054 6.40778229451048e-06 1.76089190630735e-05
"401760" 0.000364256690586707 0.000999871692111581 0.00528858038917646
"401778" 0.000928823975730542 8.37948523685945e-05 3.50020789442573e-05
"401856" 3.42558924851967e-05 0.00197172513190694 0.003559178656844
"401860" 0.00215137812521502 0.000888029923836796 7.55037273339449e-05
"401863" 3.88132236796211e-10 3.6270194703374e-08 0.00417363913044827
"401882" 0.00399511961091273 2.29104890182354e-05 5.28411966505632e-05
"600053" 7.09004985864395e-10 3.14093034864062e-05 0.00145528184175804
"600624" 1.8238822560438e-09 7.7435042808628e-10 0.00296269912628398
"600655" 3.42833374173979e-10 1.43741421324602e-06 0.00313366313141502
"600675" 1.91641525909129e-08 0.000778655227084319 0.000808358869868743
"600776" 7.08353049304695e-10 0.000514520214435562 0.00507372816363628
"600782" 3.3680997078749e-10 4.72922490770489e-10 0.00792663450959807
"600787" 1.70179884986055e-06 4.65628755896666e-10 0.00406300274146558
"600803" 2.00985199987351e-09 6.12489480590487e-10 0.00616133028615785
"600805" 5.57356421131952e-10 4.60771055877239e-10 0.0026265523859462
"600819" 3.45635843087758e-10 2.17720077832949e-09 0.00823355124303851
"600824" 3.12088101602966e-07 0.000415311027344397 0.00141662426326792
"600837" 6.957994041419e-10 5.60010450015847e-10 0.00320385078091754
"600840" 7.64566159143313e-06 0.00141713995713555 5.26790918551091e-06
"600843" 0.00124276522275634 0.00211972120364349 7.23317987795871e-05
"600845" 6.51711488820673e-10 4.94243374578208e-10 0.00208265965527546
"600863" 4.94161752614024e-06 6.76642104041229e-06 0.00448826382807523
"600880" 6.45054213247306e-10 5.01463128462672e-06 0.00298117259338508
"600910" 1.38774124188572e-06 6.16688703193984e-05 0.00481298515464378
"600919" 3.95483316269823e-10 0.000431653037401028 0.00325326408129206
"600926" 0.000238676886296894 0.00321613374601737 0.000996159144768613
"600970" 3.07487932613536e-09 0.00176191146614627 0.00485746814324696
"600984" 0.00443524119713331 0.000385535865592282 8.52766645852071e-06
"601008" 0.00184288439867063 0.000733457402844449 0.000246977121868427
"601009" 4.05566758833884e-10 6.77735591480946e-06 0.00271965171280967
"601046" 0.000235493802921195 0.0067414052611978 0.000637622504758366
"601049" 8.62763479241395e-06 0.0034697427537658 0.00246086138609596
"601050" 7.41038278008369e-06 0.00199555418660458 0.00239649998342201
"601053" 0.00151552227624983 0.0015945222334462 0.00296582128577862
"602070" 3.96676616080339e-06 5.3409913978052e-10 0.00265193409710447
"602143" 0.000214300628072648 0.00104400092161924 8.48505116280158e-05
"100274" 0.00217869829008151 0.000216102041147786 4.06312308710553e-08
"100277" 0.00150194279344771 0.000995023567624775 0.00136843158014463
"100401" 0.00164446752583401 0.00140748094223038 6.51441538735021e-06
"100491" 0.00298412832153195 0.000291012157275517 7.68631866116267e-10
"100848" 6.07877716162348e-06 5.0934927280589e-10 0.00429040208084788
"100889" 6.03787507815071e-06 0.00591752849701619 0.000473312329297372
"102221" 0.00124218583554794 1.01536766903913e-09 0.00268627557233919
"102294" 0.00126277701062581 0.00112246552497641 4.08486740983208e-10
"102300" 3.88428193824825e-05 0.00218078787819876 3.59390402838498e-05
"102334" 0.00177967062648155 1.65676431929624e-05 8.22737615305319e-06
"102337" 0.00108046675582961 0.000529537512932096 0.000133184216539655
"102338" 0.0017979354174568 9.8237151703487e-07 4.45578265475615e-05
"102377" 4.01537699421433e-10 0.00247554331016407 0.000567080689908629
"102417" 0.000129141421989826 0.00107238897212283 0.0025884773229638
"102418" 0.00346129393137533 2.29466467274888e-05 5.6753546521523e-05
"102444" 3.3668964727559e-10 0.00379869450157262 1.18697333931378e-09
"102470" 0.00245525475906713 0.000416850119703804 2.99493677469468e-06
"200106" 0.000163831190777963 0.00288974129757747 0.000234832215547648
"200133" 0.00161235244576828 5.97071640186521e-10 5.02538239525565e-06
"200241" 0.00315519033215829 0.000820720866663605 1.29157167349148e-09
"200248" 7.8198368626703e-10 3.0111888348043e-06 0.00431190364533047
"200292" 1.42520304735648e-05 0.000370003446681538 0.00252574196154352
"200310" 0.00193149832111789 3.34278315727019e-05 4.55257303182285e-10
"200321" 0.000865106301471016 0.000387141724147705 0.000165287039995911
"200323" 0.00174732380703587 0.00103914139677557 2.4038969034549e-09
"200367" 1.83353463367734e-05 9.12224954923108e-10 0.00607712268401075
"200382" 0.000983062288805468 4.56813465127024e-05 0.00128317776554596
"200388" 0.00205996977668959 3.56886585173638e-06 0.000113618696194297
"200393" 1.12518099523435e-06 0.0025022354151121 0.000123145334346578
"200421" 4.08356798291608e-05 0.00280430871832271 0.000393193890365218
"200422" 3.65637154591794e-10 3.30358313376829e-05 0.00201755160677971
"400554" 0.00230934023795436 9.09930738799652e-10 1.38210987958438e-05
"400556" 0.004325726121119 7.21642015949257e-10 3.30292556913072e-05
"400558" 0.0019041161068504 6.41169712662355e-05 2.64620870498683e-09
"400631" 0.000428002059409179 0.00067355811308527 0.000867378751843841
"400634" 3.46809372380072e-10 0.000601939439097902 0.00384285241781158
"400875" 0.00176785234988084 5.16739964282331e-10 0.00130708792355402
"400972" 3.92775430115985e-10 1.22009441247391e-09 0.00184672895154684
"401020" 0.000993143158515539 0.00192436138796388 4.35958767036716e-09
"401023" 0.000354344751330496 0.00152445087345898 0.000655834497098237
"401025" 0.00317263406634634 8.73385102386266e-10 0.000628613244408426
"401062" 0.0017945643075265 4.28321654571946e-05 8.01000924117752e-05
"401076" 0.00149619493865209 2.74239103975135e-05 0.000237516094215422
"401080" 0.000797454000128165 0.00117292375237095 0.000835679740775862
"401088" 0.00145290558587517 4.10140379676886e-05 4.735836335079e-10
"401095" 0.00303973259457427 6.04358266567291e-06 4.92569964965216e-09
"401097" 0.0019278943922006 6.34659032978838e-06 6.80022557952404e-06
"401101" 0.00185688966074 1.91361026790638e-09 3.74386411482643e-05
"401115" 4.13031606481045e-06 0.00176585431272779 0.00151136724891572
"401118" 5.46516813532297e-05 3.32158046230165e-06 0.00242984416271481
"401133" 0.00248472567914247 7.78383347783657e-10 6.84086525392935e-10
"401182" 0.00288478024590066 8.48676227918294e-06 1.46906253459897e-09
"401244" 0.00223277231200053 9.79407384036051e-10 2.16235872345581e-05
"401370" 4.61542721497377e-10 0.000405652272551566 0.00286421614339125
"401372" 0.00130600722213205 6.95016153861596e-05 9.51192530518914e-05
"401517" 0.00232323043287018 0.000187561637864441 0.000132335069667618
"401596" 0.00155531962813657 0.00413856021875646 5.57022456020255e-05
"401637" 3.3390887137477e-10 4.46455600849394e-05 0.00309075354117378
"401726" 0.000273426252259828 0.00125286292936479 0.00217145931469375
"600808" 0.000654407729777138 0.00321814613468361 0.000111980155058331
"600813" 0.000121315433034475 0.000123031156564538 0.0080352077131707
"100395" 0.00260127649644853 0.000176969226506886 0.00024252423819988
"102026" 2.04735428341332e-05 8.74888305970178e-06 0.00366766960324065
"102028" 3.42727756674665e-10 0.0045479064628289 1.71295665963839e-06
"102030" 0.000155101279013294 4.08206637714438e-05 0.00405223686002717
"102038" 1.19724833144056e-09 0.00541389635753443 5.2233089144618e-10
"102045" 7.5389412479057e-06 0.00275436333443378 0.000837111467386725
"102046" 0.00171079637339001 0.00277848849336019 1.20665894978795e-05
"102083" 9.20187944943532e-06 0.00340200789166232 0.00132973859427817
"102092" 8.99288279431154e-10 0.00160471264435058 8.05831823262046e-09
"102155" 3.2558699170895e-10 4.64891571812678e-07 0.00255514843425068
"102174" 3.27974150281803e-10 0.00328054521798576 0.00414438237113083
"102177" 2.71249893334309e-09 7.38529469695427e-10 0.00451399245808882
"102184" 3.54784308183049e-10 5.01223922334331e-10 0.0109561474746518
"102186" 2.26620961234524e-06 0.000550402997447996 0.000903721384881249
"102188" 0.00219632443185928 0.000371119896981699 9.94082052877757e-08
"102191" 0.000107992677059993 0.00198967673042443 0.00237478299457761
"102206" 2.77006621158416e-06 0.000212953942090592 0.00128912045935815
"102207" 1.03454114516192e-09 0.00438349752677707 0.00021904007377374
"102239" 0.00112999359747076 5.97171801344239e-10 2.16913847842602e-05
"102259" 0.00128983940184151 0.00140430752260414 7.56427641812574e-10
"102281" 0.00192308789880226 0.000506154080131853 8.11047160024401e-10
"102289" 0.00015255352947281 0.000101279797681104 0.00210747454063971
"401019" 1.87177366064383e-05 0.000851802138690731 0.00108718784089583
"401037" 3.37505690067053e-10 3.20979584476492e-05 0.00141917100703211
"401124" 4.26831150903944e-10 6.31795829953909e-10 0.00345857233541738
"401582" 0.000146320179510191 0.00152131873666056 0.000212677360102545
"401724" 0.000837302465501899 9.04705209167518e-10 0.00412734883148506
"401727" 7.33001342057614e-10 1.7348346590798e-09 0.00603292627184409
"401733" 0.000385354413882609 0.00497621358758369 0.00014876650518528
"401797" 5.66256132020679e-06 6.6050330443329e-10 0.00363427729195173
"401799" 6.72378176408196e-06 0.00268952502632217 0.00148084738262864
"401869" 0.0041930659489905 0.000916352702341834 3.66087785685664e-06
"401884" 1.97529724514527e-06 0.00110062086676794 0.00489977941491201
"600100" 4.33380997690105e-10 5.04094484551418e-10 0.00430520753940877
"600109" 7.49105583262502e-08 0.00181445907765924 0.000592756953841952
"600113" 3.30326984333695e-10 0.00303557408225332 0.000112019773760777
"600260" 0.000180521213129731 0.00130171640737895 0.000522898056681322
"601045" 0.00298645777733442 0.00248867158930314 0.00127264910843502
"602025" 3.27976893291755e-10 0.00308949685172249 5.12901133126515e-10
"602047" 2.51722720063685e-05 0.00219395414694753 0.000423081257178794
"602154" 4.66479921203608e-10 0.000165031318987037 0.00220196694604891
"100317" 0.00138772758569505 0.000805990509212113 2.72661686798217e-05
"102098" 0.00177336706538679 0.00150983091365249 0.00104606984275011
"102185" 0.00312540507726939 0.000976210701609243 4.8798603426448e-06
"401867" 4.98408097848852e-10 0.000398075642714309 0.0050319633314927
"600802" 1.1184497418868e-05 1.63429983963791e-05 0.00332677623763912
"100262" 0.00347100946697005 5.94532538295801e-05 0.000109129180217776
"100320" 0.00307834680406603 5.81626155462505e-10 3.72336184375735e-06
"100437" 0.00338517899183681 8.57552244167638e-09 9.85793043698017e-10
"100470" 0.00241837880551363 0.00118814244618848 0.000478250891330042
"100506" 0.000128552808919194 0.00243800187773918 3.60676296299919e-05
"100523" 0.00384736894566208 5.04337655180263e-05 6.42727133634729e-05
"100618" 0.00501880508976322 4.59180865027505e-05 9.66018327726489e-06
"100857" 0.00501379110631297 1.00247093015363e-05 4.37657165468644e-10
"102020" 0.000370815251161936 0.00569372560913372 0.000103919615193179
"102035" 0.00345813632828309 2.77154396514653e-05 8.5678682602419e-10
"102118" 6.217514214944e-06 4.44718909468082e-06 0.00382691125898076
"102132" 1.20051417796593e-09 0.00575502571922522 0.000528303712074412
"102133" 0.00379851259862736 0.000661658210991719 0.000662305486056924
"102209" 3.33760020235771e-10 0.00217560657416289 0.00392810776154638
"102255" 0.00231205486563047 2.8471450748816e-05 3.40153143429584e-05
"102269" 3.4064127189081e-10 0.00213364530612949 0.000500887966793115
"102277" 9.75766356297369e-06 0.00160443858072876 0.000310795757468506
"102285" 0.000101364902038091 0.000488576086300532 0.00109371301101991
"102290" 9.59785947759473e-07 0.00136840923609651 4.46724653280085e-05
"102292" 3.90329478577269e-05 3.72361717087647e-06 0.0020008999476738
"102297" 4.43887127856362e-06 0.00171338400529393 3.49154957844552e-05
"102315" 0.00202264813293349 4.95239745356684e-10 6.74782061209929e-10
"102324" 0.000471817263440975 0.000128412661643394 0.00150976935544599
"102326" 0.00152976153027869 9.9355662197604e-05 9.09293264975207e-08
"102341" 1.25861444967062e-06 0.0021456596857498 1.79365593718316e-09
"102352" 0.00173291455843328 0.000147144027819751 9.71002790720773e-10
"102358" 0.000502344794573416 0.00294208541375672 3.65432429924943e-05
"102362" 0.00220654965169906 9.13974605934386e-06 5.06419473685075e-06
"102363" 0.00389322455084848 3.55702802407892e-09 1.01145381968114e-05
"102380" 0.00338213479639804 0.000286134477100366 3.43426355234342e-05
"102402" 0.00171319133524409 0.00116467858482211 1.41277431918885e-05
"102415" 0.00231461938816125 6.01601598776384e-10 1.75802938756796e-09
"102424" 0.00273627924991286 8.85423832698452e-07 4.60623782239787e-10
"102425" 0.000594207974922645 0.00211021634282014 0.000101050307154898
"102432" 0.00386452267094823 0.000106399651267495 4.20075961484813e-05
"102461" 0.00344077500273979 8.41930525714248e-05 1.78203099915555e-08
"102462" 0.00157672775744834 0.000862430941644917 0.000680988985253741
"102463" 0.00190520507813796 0.00190485588812701 0.000103395849664952
"102464" 0.00346136529231708 6.54940923864937e-05 1.85239607274794e-05
"102472" 0.00290098526489146 0.000264701885536759 1.23573514961328e-05
"200163" 8.05996169797563e-07 0.00317170046514776 7.25109482215016e-05
"200164" 0.00324977783311662 4.98808979581318e-10 5.24742553583804e-10
"200169" 0.00375996051862971 0.00248058968004097 0.000115916206035407
"200206" 0.000940730470485258 0.00278482828875756 0.000124269908915317
"200213" 3.94094729896228e-10 0.000929102719113935 0.00291694013482775
"200233" 0.00144352387981308 0.000494763538605103 0.000445181945588055
"200260" 1.58240212729451e-06 5.7652909636081e-05 0.00187452305375455
"200265" 0.000776004177563169 0.00192188650864249 5.71087273392505e-05
"200276" 3.73545239585681e-10 0.00320971246423665 0.000424642696419191
"200278" 5.09363143104332e-06 0.000513333303814375 0.00174982553633905
"200318" 3.25766360507613e-10 0.00292434779175565 0.00187054851533672
"200341" 3.78768328678869e-10 0.00336791789177595 8.3427317406732e-05
"200344" 0.00368717191463262 0.000295276401536996 9.77222364617947e-05
"200345" 0.00257633816537251 0.00121461169082533 0.000700216073597244
"200346" 3.80509454869722e-10 0.00326556981568339 0.00140598191898548
"200351" 0.000145432402620953 0.00384320620977927 0.000128334520502906
"200352" 3.31391731883359e-10 0.00270014749400487 0.000500403096683499
"200362" 5.16428809836175e-10 0.00356619127050798 0.000166670361025833
"200403" 0.000395074859489831 0.000784054044264424 0.00171299370621472
"200411" 5.92998053602597e-07 0.00036558905628787 0.00371680458985115
"200415" 3.43482583265733e-10 0.00249907692608584 3.64227546942333e-09
"200450" 2.69259697557528e-06 0.00304359605171597 0.000476281833761004
"200451" 6.87073377492523e-05 0.00153565001412107 0.000771605113894533
"200453" 1.24980900789614e-05 0.00295547572989796 0.000405381590811056
"200454" 3.26231601606828e-10 0.00254865193475777 0.000143471407874386
"200457" 4.35693166070577e-06 3.65299657504436e-08 0.00312328128911267
"400635" 4.19106462130281e-10 0.00131618182125775 0.000728434305255837
"400663" 8.69141581370712e-05 0.00363499807611246 2.38757588891681e-05
"400925" 0.00348084075062623 2.04502748671323e-09 1.24967635430776e-05
"400978" 0.00214737257005977 0.000901384546519276 5.3857860607131e-05
"400993" 0.00255808484516825 0.000151648413949749 0.000529377441042261
"400999" 0.00167494918700785 0.00235575734185745 0.000103269040981206
"401007" 0.00277423782749112 1.2025666896071e-05 6.87073998049057e-06
"401012" 0.00275807664288066 4.57776646688984e-09 6.44670418491093e-10
"401022" 0.000176614281711944 0.00481925034412481 9.49391080920459e-05
"401030" 0.00425173867851774 0.000110704156128525 1.28330657540199e-09
"401060" 0.000778846788925875 0.0025767540121529 9.82660632595056e-10
"401070" 7.16545223445577e-10 0.00319380573510141 0.000427418487151251
"401071" 5.03687852384877e-05 0.00281684833888104 0.000325303909177387
"401074" 0.00122158668032312 0.00165696427016512 4.14330011922306e-05
"401075" 1.56339690509861e-09 6.78301116025786e-10 0.00232902813513748
"401084" 3.26352094719174e-10 7.90966346848071e-10 0.0028301206166111
"401090" 0.001777499840918 5.05089706890432e-10 4.87790407946423e-06
"401117" 3.38557637714638e-10 0.000408455457518049 0.00337218990025612
"401201" 3.46812508835032e-10 0.00844575651561869 0.000124745350098574
"401544" 5.63563437852976e-10 4.04309379176306e-06 0.00261144503255487
"401565" 1.28276109707018e-09 1.30330800633013e-06 0.00195413032893161
"401574" 1.42277263477874e-05 0.0012964027342129 0.00332802513520044
"401600" 0.00439918846832709 5.33725411101255e-05 3.42889053819585e-09
"401634" 3.87372138690922e-05 0.00214497722974601 0.000389705109765793
"401647" 3.27015324038682e-10 8.03144147588835e-10 0.00269858420253744
"401694" 0.00198057485385866 6.65427085756583e-05 0.00235259576899938
"401729" 0.00262994247682126 0.00115649541507356 7.02668260364479e-05
"401763" 0.00135453069653313 0.00149465924408193 0.000312110594772181
"401794" 7.11737840513348e-07 0.000101930652539901 0.00448542333353495
"401808" 1.21763656382718e-09 0.00210688803996864 0.00086102195811194
"401861" 0.00150513322805689 0.00112040227687577 0.000160139672349438
"401868" 8.38223998393103e-07 5.01844695462857e-09 0.00449416707047527
"600038" 0.000409882442206448 0.000801980219345837 3.05340316110889e-09
"600081" 3.38793726789461e-06 0.000654866063686094 0.000609299532669182
"600104" 0.0006899935263149 0.000796178373891729 4.15818001105349e-10
"600134" 3.32712552601414e-05 0.00157407844423723 9.40608716491591e-10
"600227" 0.000144917052798871 0.00185809435935444 0.00064117635526255
"600458" 0.000368809446260983 0.0051206592619902 1.76735663005671e-08
"600672" 2.61747285884394e-05 0.00191912097798859 9.68376286316473e-08
"600698" 0.00233686162004192 0.00106809425974105 0.000453623909149271
"600711" 0.00104562509262028 0.00177051542630359 0.000137904949262936
"600751" 0.00176914351607114 0.000667970424144054 3.02222142228554e-05
"600752" 0.00066660004883948 0.000617587140992375 1.80151852817271e-09
"600765" 0.00644311634055247 0.000836920980823397 1.36789150837995e-08
"600767" 2.88774082663429e-05 0.00446132347608548 0.000232662165538323
"600786" 3.29101545226852e-10 5.06222475291342e-06 0.00285376967453616
"600792" 3.2493921364954e-10 0.00200305412798873 2.91741543862575e-05
"600797" 3.65299314507486e-05 0.00212541083929202 5.18968073750938e-05
"600799" 3.39389345481905e-10 0.00167730963676799 0.000828541727150247
"600809" 7.91249877167589e-05 0.0030696382102698 9.66251780720559e-05
"600823" 5.93911490685943e-10 0.00449974140809951 6.91595191404804e-10
"600826" 1.15453244484931e-05 0.00397937835635783 0.000373942589534618
"600830" 0.00290379999291109 1.8661936251809e-05 6.55486843435447e-05
"600831" 3.68061614941549e-10 0.0026469755096337 6.10797981036569e-10
"600846" 4.98079010348524e-10 0.00119259533386304 0.001551189904816
"600867" 5.74305499716296e-10 1.84579767575275e-06 0.00287439970560133
"600881" 0.00027575960516957 0.00406320232569142 2.2518966454824e-08
"600909" 0.00358755163133618 0.00147700658217896 0.000596665572544234
"600915" 8.30208973961073e-09 0.00376240376392986 0.00102739864432459
"600917" 5.88170488474488e-10 0.00254672003130846 0.0031705401889341
"600949" 1.78936117797358e-05 0.00464690963531593 0.000231214083581614
"600953" 2.6781878125671e-05 0.00551306160246493 0.000509652564616222
"600967" 4.28549005419815e-10 0.00298023503793939 0.00249065768405824
"601017" 0.00479443981892949 0.000727711186041221 4.37424298733371e-05
"601021" 4.54287792201832e-10 0.006592190428222 5.40912002160905e-06
"601044" 0.00361876292914924 6.07388435366174e-10 5.19395869172493e-10
"601047" 5.01221045829322e-10 0.000125862128690164 0.00416941241999404
"602305" 3.98165434225308e-05 1.34417357636754e-05 0.00218121859240961
"602363" 7.50486973805057e-10 0.00470762410863478 0.000351273478365346
"100298" 0.00355110378005966 1.8482599240964e-05 5.30015769562436e-06
"100457" 0.00250284741791682 0.000114836782975458 1.14584371855739e-05
"100505" 0.00294803382797081 5.43402060895125e-10 7.67786387497276e-05
"100856" 0.00327245050568404 2.44403911348095e-07 6.15821233627101e-10
"100894" 0.000183243241336299 0.00452287879661197 0.000291895111595258
"102051" 0.00217466871919461 5.79744006199836e-10 6.65001561547509e-06
"102124" 0.00332110956709354 1.26016011854094e-09 4.91997831145711e-06
"102169" 0.00195336978696116 0.000236236372431666 1.83532698563632e-09
"102226" 0.00281904213843328 1.40893763856505e-08 2.04032108053052e-06
"102276" 0.00165954602248806 5.16633659213326e-05 5.39564171239621e-05
"102291" 0.00181774948938259 2.6915551388164e-05 4.70080422785045e-10
"102316" 0.00102063330659088 5.40965842630832e-10 6.96848440357836e-10
"102320" 0.0021426369421775 4.80517052746228e-05 0.000500002448831942
"102321" 0.00204841505152584 0.000216066212237184 1.55311141216326e-08
"102357" 0.00163466157013249 0.000408530817981377 9.77561296323948e-05
"102379" 0.0028545575802134 4.94651250841569e-10 4.02832125666211e-10
"102406" 0.0028356319495085 0.00138528945471902 0.000299395152818535
"102412" 0.00262605752712826 5.41716558900961e-10 4.37260060934032e-10
"102423" 0.00300350570890173 5.13499929278367e-10 4.02680098735399e-10
"102434" 0.00273908271868344 4.13043219852904e-05 1.02249227913926e-06
"102435" 0.00215901508344823 0.00104326187935264 1.69074500571786e-09
"102449" 0.00248499630514238 3.12411931455648e-06 1.04270332908982e-06
"102456" 0.00154959336072346 0.000343084895346755 8.38902060735317e-05
"102477" 0.00239029871363569 0.000354229159991849 8.76472357802514e-06
"200127" 0.00730249927252573 7.36291604208545e-05 5.36775109383135e-10
"200160" 0.00679751715845364 0.000390239428538726 0.00125253851691699
"200161" 0.00705073028178089 4.48976324557025e-05 8.99540241448941e-05
"200166" 0.00248923618713588 1.93105699060261e-06 4.18973812461826e-06
"200201" 0.000423843935992543 0.000665786260321922 0.00083040985398462
"200209" 0.00286044468961837 2.64953932992295e-05 0.000376123614815241
"200210" 0.00181824806211474 0.000621986983633129 0.000218615576212898
"200212" 0.00322483278448806 0.000387773031808419 3.4961111416584e-05
"200216" 0.00205382696297673 0.000395427017640584 1.7329473514668e-05
"200218" 0.000555288656022379 0.000930780170832375 4.55006978581229e-05
"200221" 0.00324349423492446 1.25903345685637e-09 1.4872703604642e-06
"200272" 3.62332761031983e-10 0.00220647159949726 0.000126596826234886
"200273" 0.000837959004837228 0.000997829355033849 6.43035561151656e-10
"200285" 0.00142931138199954 0.001019984836188 0.000235118152956604
"200320" 0.00275607728573908 5.25857833799163e-05 0.000157854932120984
"200334" 4.01100162323446e-05 0.00482140833621935 5.57318362686782e-05
"200335" 2.6059069829882e-07 0.00353969969711671 0.000609761618739297
"200337" 0.00333155942592604 0.000368074400168286 6.60760158990874e-05
"200339" 0.00351177376415453 0.000237785718390224 1.27685195032109e-05
"200340" 3.60945444299481e-10 0.00337190275578523 9.13384539781714e-05
"200353" 0.00119996532317037 8.3287304586477e-06 2.03249407973897e-06
"200400" 0.00266807506528602 3.68439274551262e-05 8.84359750223343e-05
"200416" 8.85344639386247e-10 0.00141646552015954 0.000848366520084966
"200417" 0.00288502401795522 6.72028786752798e-10 5.2472531275581e-10
"400555" 0.0058576773710488 1.21763010715395e-05 5.35889807311002e-10
"400632" 0.00284849087013292 6.168542541421e-05 6.47147907279872e-06
"400641" 0.00266389983863393 5.32354161956822e-06 4.56350600004353e-05
"400878" 0.00371323282139435 7.17850144006356e-10 1.29166183993122e-05
"400882" 2.30236155215403e-06 0.00187912287493788 3.82581153455038e-05
"400964" 3.42631565402108e-10 0.0018607817064615 6.9022980935106e-05
"400974" 0.00175462771017122 0.000935550087684001 1.28690421236202e-05
"401008" 0.0033729082158755 6.72173914432647e-10 1.61884948430725e-05
"401032" 0.00415036713932933 4.18312909793324e-05 1.14061118732679e-05
"401061" 0.000385091141136304 0.00365147389413175 5.9912842682179e-05
"401064" 0.0022225824181291 0.00126057975069273 0.000253964330965484
"401065" 0.00354852037838448 5.67080320082322e-10 5.07357291991796e-10
"401077" 0.00218259826884783 5.83494457941865e-10 4.20214801182559e-10
"401096" 0.00201236543696991 5.37438904122075e-05 5.91899925901626e-10
"401106" 0.00288528680885274 0.000102604177662516 0.000174946249957766
"401116" 0.00253280022601363 6.5185218472411e-10 8.55503511056052e-06
"401120" 0.00290253720704132 1.31668082566329e-05 6.35751013013072e-10
"401125" 0.00358744991090354 6.56179316260767e-10 5.45377005933682e-10
"401147" 0.00277830968357002 1.25495488110068e-06 1.06392834334573e-06
"401236" 0.00265988642453988 0.000105217418370358 0.00067822270387273
"401520" 0.00219356174110621 1.16682075136654e-08 0.000101299976556972
"401553" 0.00226786730437127 2.23227138511551e-05 8.88147302687744e-05
"401593" 0.00462416305363474 4.92941685125501e-10 4.19431217467162e-10
"401638" 4.6628594294949e-10 0.000135937574848749 0.00318534067185021
"401659" 0.00104504134598521 3.31670849528633e-05 2.57634048110781e-05
"401725" 0.0038074868426472 8.0885136412298e-10 5.27673573780877e-10
"401732" 0.00437313640742185 1.69567737611903e-08 0.000125903506946169
"401743" 0.00210570382180562 8.93448945624506e-06 2.83833401214711e-05
"401858" 0.000523091291769001 0.00269785908607511 0.000929327349731387
"600011" 3.00838983838778e-07 0.00166536259566605 0.000119606492399046
"600028" 0.000100432578282436 0.00210119026057372 2.56131286318107e-09
"600132" 3.32738808116197e-10 0.0015411544159941 5.90732634098771e-05
"600621" 3.31908418703337e-10 0.00238345422070177 3.47533431378934e-05
"600654" 0.00469153344234725 0.000285623797885964 3.24925795785609e-05
"600783" 3.39606988532318e-10 0.00295147141776902 0.000670757483008609
"600955" 1.23963276425195e-06 0.00278586845125564 0.00164970310433601
"602055" 0.0022294465669773 6.47736481217845e-05 4.1986048878386e-06
"102157" 8.57116109226599e-10 0.0045461614667393 0.000308107012572158
"102180" 0.00127560370754118 0.000490363635423855 0.000691756310499914
"401568" 0.000532983402713776 0.000353761686889471 0.00138054434372695
"401632" 3.97473020712826e-10 5.39448232191647e-07 0.00241832540858636
"600638" 2.99593417730172e-05 0.00411667781585797 0.000253200945332762
"600763" 0.00677966483476614 0.000141884699322987 0.00187092749547821
"600956" 0.00342750164157192 5.24449382094556e-10 6.26217462098329e-06
"100267" 0.00377346580531532 0.00023108418562942 4.88202943120877e-05
"100293" 3.58866442912283e-10 0.00165648409783351 0.00150698060043828
"102248" 0.00308781090089091 3.9110254716606e-09 3.52937853515464e-06
"102261" 4.03172611703628e-10 0.00304217315934863 8.3137283077224e-05
"102404" 0.0039359927928034 0.000234524881956048 3.1073730192425e-05
"102491" 0.000949424182338104 0.00107968369397979 1.65258617721924e-09
"200138" 4.10361424668183e-10 2.81450108915544e-08 0.0019051654163364
"200200" 5.16200788692718e-10 3.91872726370605e-06 0.00343940076203852
"200294" 4.57677546316918e-10 7.74105884126054e-10 0.00354835098408835
"200348" 3.47244519304304e-10 5.33889251620192e-06 0.00450607818082315
"400633" 4.72780377638207e-10 7.90701963836948e-06 0.00283034049348431
"400967" 0.000888656060961274 0.00111113358151182 0.000133415334836738
"400977" 4.48930164079667e-09 0.00149551711633147 0.000505028191897544
"401024" 4.33329907010508e-05 3.11900639821844e-06 0.00317474560030018
"401144" 0.00250035759518773 6.68131545983296e-10 0.000266757678220888
"401420" 4.54782637345115e-05 0.00240146207196769 0.000123278144217595
"401559" 8.89777345049616e-10 0.000268469589508877 0.00141188770515627
"401759" 0.0015042540562466 1.01089256911663e-05 3.74407128069043e-05
"600341" 2.87818237310895e-05 0.00532392454984943 0.000334324804577145
"600684" 7.7084145457841e-10 0.00473328923062583 0.000659194899249543
"600744" 5.64610989649456e-10 0.000505464332061141 0.00150635298948749
"600811" 7.34692258918786e-06 5.48090916794194e-05 0.00386910615284959
"600835" 0.00185827352327242 2.85721111154858e-05 6.33608295991169e-05
"600876" 0.00231392657076656 0.000174649870755017 1.65424927494696e-05
"601059" 3.29508720432227e-10 1.8872522436019e-07 0.00336862502525466
"602054" 0.00379184607556767 0.000782576383661189 6.52167902724351e-05
"602220" 4.67153397398627e-10 4.97648608173475e-07 0.0041158087478002
"100353" 0.00397350787541281 3.9573124222402e-05 3.74205087430791e-05
"100552" 0.00232110738917228 0.000312043803205404 0.000346983485601316
"102270" 0.000169068909166257 0.00152625885593956 0.000293976776925143
"102317" 0.00197006018580754 5.5850536232394e-09 2.22902953872424e-06
"102329" 0.000214551782033634 0.00179593468840318 6.71094889923488e-05
"102448" 0.0042116999012996 7.61887322996062e-06 8.69392411989946e-07
"200181" 0.00172243971485128 0.000625544099616735 0.000103943435351759
"200452" 0.00151385211856917 0.000227130333138497 1.21495815889419e-06
"401000" 7.38485455348466e-10 0.00292787107918568 0.000214833016518969
"401021" 0.00108241314076864 5.52029290347337e-10 4.3160138125846e-10
"401081" 0.00354622579586262 1.57523739419839e-09 7.06861418904644e-05
"401086" 4.12080625771829e-06 0.00147792686915966 0.00165987720196006
"601007" 0.00354968900112191 0.0019456383758713 1.95151062537965e-06
"100476" 3.80188220820915e-10 0.00539849709366781 0.00179059153596301
"100510" 4.45088322304158e-10 0.00322561166513838 0.000537750449821758
"100513" 0.00250875059478651 0.000587940789201215 0.000491423003270595
"100515" 0.00030740967623441 3.85816300877718e-05 0.00316170634440307
"100537" 6.33696096495427e-10 6.7467047263064e-10 0.00400768432458585
"100704" 4.83621925176437e-10 1.37688658555191e-05 0.00580762136767226
"100852" 0.000127641787465349 0.00283717866140314 0.0021639267944214
"100855" 0.00452723213169055 1.34995241106863e-05 4.5874903558417e-05
"102017" 2.57028103770878e-05 0.00326409203777296 0.00106972737976266
"102158" 0.000465306643629464 0.00738351890942278 1.54923508340751e-05
"102235" 0.00192428810753458 5.86546597316748e-10 1.17178813585787e-05
"102260" 0.00118258354634515 0.000185902089506056 5.32999642730773e-10
"102265" 6.91343903985275e-05 0.000581341132581273 0.00257341962653341
"102295" 0.000215545268656266 0.000808852278158905 0.000533175847740245
"102349" 0.00233312169543131 1.32455684021145e-07 2.69079769364369e-08
"102385" 2.29847160593384e-09 0.00184875003812356 0.00321475725199501
"102429" 0.000624583973829502 1.06296127385521e-05 0.00257524562721594
"102430" 0.000175220014699354 0.00288979958595615 0.000280235964121189
"102453" 8.53960273074881e-06 0.000167758831191705 0.00473411350515818
"102469" 0.00242608186601883 3.04310400805096e-05 1.79185624195535e-05
"200142" 9.63893444059888e-10 1.1266258419763e-05 0.00394851974482288
"200185" 3.71330687131621e-10 0.00156466231978377 0.000878371069203002
"200309" 1.17599079022757e-09 7.90623320301856e-06 0.00482113334104532
"200327" 3.25388809461584e-10 4.95530199583541e-10 0.00638577950459409
"200349" 0.000465752689869533 9.78376526062207e-10 0.00336530450562856
"400877" 4.00786303766091e-10 6.76845673243805e-06 0.00309443404905344
"400879" 1.65421379729194e-09 3.35802885716464e-05 0.00340028204380096
"400979" 0.0012909079639016 0.000683454588698977 1.33060695525767e-05
"401004" 0.000362118966215443 0.00102848597351115 0.00211495613189167
"401016" 0.00220101597387212 0.000815445980527474 1.78100618435862e-09
"401033" 0.00167055632626191 1.48223005586313e-05 0.000227903938305965
"401068" 0.00214727212722504 0.00107810954330748 2.60495087441521e-05
"401069" 3.37571226471792e-10 0.00177926376777139 1.16769515273631e-06
"401131" 0.000858651298032879 5.89387472934911e-05 0.00243007297811437
"401138" 1.27460604917556e-06 0.0010286359058133 0.00283344962717009
"401649" 3.46257873455734e-05 0.000306956238105335 0.00107369034078189
"401853" 3.66185917582774e-10 0.00292079534114237 0.000316175017571221
"401864" 5.9955025630081e-05 0.00404653922089866 0.000456545420853559
"600025" 2.21604577225362e-05 0.000895650473916491 0.000286777087084277
"600035" 3.304947713396e-10 0.00486636599898306 0.000100400467023977
"600620" 0.00392009665323906 0.000718365713586994 0.000175451988571305
"600718" 0.00372013974356323 1.66029549782921e-05 2.29196918056161e-05
"600761" 9.71416403148403e-05 0.000104284915190855 0.00793254868403132
"600775" 3.2913363792052e-10 0.00427513684231247 0.00146451430013174
"600785" 3.51892401758118e-10 0.00190566784551848 0.000353450140998004
"600788" 3.30064101314206e-10 0.00454356432756879 0.00137734223664063
"600794" 3.27689284048578e-10 5.32465829616201e-10 0.00193233270374653
"600795" 1.02355086585988e-06 0.00236878845667442 1.53200615535823e-05
"600796" 2.90161057743615e-05 0.00317164149537228 0.000164082236471656
"600807" 3.56415493114192e-10 2.82709354901494e-06 0.00802223089979348
"600833" 4.3926525954923e-10 7.36431859300464e-10 0.00267874926955587
"600847" 3.9846436583074e-10 0.00203533708643354 0.0021048165176689
"601012" 3.38746840268382e-10 0.00020851856274275 0.00240308919576777
"601036" 0.00103061653632937 0.00465369722755149 6.79853045258832e-10
"100259" 0.00343421898945103 9.27451370961467e-05 0.000142414223318782
"100547" 5.66124231825816e-10 1.81127479039092e-09 0.00417471374120833
"100601" 0.00367827873374439 0.000181794083059403 0.000128995989883847
"100750" 4.0929452476521e-10 0.00085159625816962 0.00231099161714128
"102360" 0.00375818178458817 8.45414020559906e-06 1.36046119029544e-09
"200134" 0.00369231810460299 0.000698271579600545 0.00225331237101432
"200136" 0.000436901100011849 3.49689403625465e-05 0.0025928559893574
"200249" 6.94611624315283e-10 3.65564668280968e-06 0.00289783167506842
"200286" 0.000445763035977351 0.000393682526944284 0.00110262734938635
"200322" 0.000604854285700483 0.00405523254055249 7.57835130576088e-10
"200435" 7.01831878866169e-10 0.00117523572091972 0.00109071513465458
"401103" 0.00197204026094583 0.00117420129298487 0.000505783475794583
"401528" 0.00111079657981902 2.03349876021729e-05 5.11027175201387e-10
"401573" 3.28663069541827e-10 0.00213980530762518 0.00126892518098942
"600646" 2.29394307654415e-05 0.00714605984852306 0.000384649811173398
"600854" 0.00192101971930317 0.000100998868813571 0.000414817609937414
"600879" 0.000649302586829324 0.00167912423553752 0.00195830758013091
"600891" 0.000644712714018435 0.000622201309193043 0.00355451233764273
"602377" 0.001008603502327 0.00121722780485431 0.000160727913194333
"401380" 0.000296428719224751 0.00272188511687471 6.82831018554133e-05
"601039" 6.13241558474141e-07 3.31806064161125e-08 0.00400272375003557
"100462" 0.000123606368481701 0.00297639654742745 0.000230779829545428
"102263" 0.00218085382359832 7.18528464459795e-08 4.93341734318304e-10
"102479" 7.01280425804733e-06 2.65686689913813e-06 0.00424197922898563
"200215" 0.000195353706815487 0.00197593308376313 0.00017684563318701
"200343" 0.00110122906224401 0.00238276177971997 0.000628088462603164
"200413" 7.19675863445319e-05 0.00177796826244112 0.000929307947286099
"200459" 0.00130254520110108 0.000270322161614612 1.83591418549281e-06
"400655" 0.00363694742265164 5.33439788960496e-10 1.09753687058188e-05
"401036" 0.000883700824532328 3.6093183501779e-05 0.0015897211931426
"401094" 0.00215532463980999 2.80056138345917e-05 1.48021070537813e-05
"401123" 9.96302475529361e-10 0.00505172780659457 6.83119042303893e-10
"401558" 2.59798221042644e-06 4.79398649373752e-05 0.00183186842661336
"600818" 0.00210489415429021 0.000930185094087107 0.000193183959386649
"601052" 4.57245875466105e-07 0.00297954058440276 0.00013454481781325
"601055" 4.40186289380357e-10 0.0044909133401943 0.000278295164864811
"102333" 3.53912897068435e-10 0.0018444175773184 0.000581651790171973
"102345" 0.000916803968506892 9.76029550052383e-06 3.20030734418811e-07
"102421" 0.00428213357309855 0.000167722135479191 0.000158808059699913
"102438" 0.00265555150532485 0.00128137514861849 0.000138648693877607
"102493" 0.00284742247711291 0.000411769917422168 4.47206901510855e-05
"200162" 0.00378802232645 5.0634146969263e-10 4.31450007017691e-10
"200446" 4.58269383069817e-07 0.00014274800878092 0.00213681893428917
"400976" 0.000183141904513025 8.36787750137218e-05 0.00399175486813123
"401132" 0.00197694805561604 4.99848676132121e-10 7.68251887339335e-10
"401865" 1.54330702367771e-05 0.00246038046009654 0.000447847160996561
