"1" "2" "3" "4"
"100361" 5.6755826911032e-06 0.00251702091662298 5.24904840872847e-05 4.54112672761955e-06
"100887" 0.000439095026224187 0.00406825182413742 1.02055306392113e-08 7.41020541292772e-09
"102029" 0.000923696713784889 0.00454173957072232 1.08789740675564e-09 7.65960205260675e-05
"102173" 0.00360146981591533 2.9254978988875e-05 3.98398674113285e-10 1.33688972436535e-09
"102282" 2.85543784683274e-10 0.00243685866273409 9.04959916367967e-05 8.08261362161337e-10
"102350" 0.000891552567481259 3.90027762049707e-05 4.22649543572321e-10 1.02481161453349e-09
"102370" 0.000376486070958717 0.00237629526033856 5.25360761041633e-10 1.39536575073949e-09
"102371" 0.00346520328100892 2.81557940660877e-05 5.42992230901316e-10 8.29180094423998e-10
"102397" 1.92682662345252e-05 0.00263430098476697 0.00316779722327397 1.86994603829248e-07
"102445" 0.00116300558332604 0.00352962663631355 3.43152038052357e-10 8.29439225843747e-10
"102466" 0.00170365088615944 0.00145782117771119 0.000299782690160581 0.000158462006662748
"102503" 0.00370695137908335 0.000393558490794458 4.83205138874467e-10 2.22919254857708e-06
"200069" 2.15606586577586e-05 0.00939106081158065 0.000746489233472025 8.90061815793041e-10
"200108" 0.000689289806153277 0.00360076254738945 6.10698614896696e-10 0.0139259193186946
"200174" 0.00311315657414899 0.0013990631699188 4.59600865677585e-05 9.40115092529246e-06
"200195" 9.99423627932134e-05 0.00309693065346173 5.96049291831264e-05 8.15152683837085e-06
"200246" 4.011098118157e-10 3.83864097394284e-05 0.00382475131346817 0.000247139155674981
"200291" 2.810055392239e-10 6.43196860294043e-05 0.00197771832690364 2.15580153636802e-05
"200293" 0.000111585703012916 0.00131290534424112 0.00175307231306985 0.000359885062372435
"200305" 0.00177837780062408 6.42240887608342e-06 0.00034400572605609 8.48292357727136e-10
"200311" 0.00171797973937421 0.000404598921404054 0.000279558490660322 1.93200117892651e-05
"200314" 2.77186300279108e-10 6.29224069515293e-10 0.00639692842006342 0.000104908603786342
"200325" 2.74595639682409e-10 4.36439418113503e-10 0.00518011445931676 5.20221040388029e-05
"200329" 0.000263796925861019 0.00426033056193029 0.000560738673879996 0.00169279103821333
"200366" 3.74477482486532e-10 0.00319281135509897 4.82041140720619e-07 0.00057897500635723
"200369" 2.73750445279383e-10 5.2689494309642e-10 0.00509400338302819 1.04750728294478e-09
"200390" 0.000243406107607338 3.15169358818195e-05 0.00140522812061827 0.000173315189825115
"200392" 0.00191843069111983 7.01316421354161e-10 0.00509942256847928 1.62412986353869e-06
"400562" 0.00064919638505187 1.04758393749039e-09 8.02725654819216e-05 0.00549512945560039
"400628" 0.000233099959633556 0.00223535542049787 0.00118961032028715 1.05493806060113e-09
"401005" 0.00300828587559642 2.11183776332369e-05 0.00114748336051982 8.03764548193588e-10
"401009" 0.00227611983703631 0.000762952925041291 3.4454566963301e-05 3.78280822171607e-06
"401010" 0.000888977939006504 0.00201407307169355 0.000727130322985542 2.44733344965374e-09
"401013" 2.89282545390648e-10 7.33590161406784e-10 0.00221631768773263 0.00362680032383288
"401063" 1.88257356604641e-06 4.13543699418137e-05 0.00208513984165192 1.40131538670994e-05
"401113" 0.000476793933020105 0.000402646965673831 0.00171947927433059 1.24808541501376e-09
"401122" 0.0014319090635614 0.00089307545039355 9.7625044769239e-05 9.30157707462115e-10
"401126" 0.0036113567049372 1.28465921525948e-05 1.99971666260515e-05 8.22558853671189e-05
"401233" 0.00313088800134007 2.26685454996311e-09 1.24739132329886e-05 1.12285268284731e-09
"401513" 0.000136488544315163 0.00142990684707455 0.00108382196649777 1.05530638370448e-05
"401577" 2.73774351362284e-10 4.36302597425334e-10 0.00214874351879173 7.29617679491301e-10
"401592" 0.00461473063514509 5.80118582418788e-10 2.2501140032985e-06 1.15930196821044e-09
"401601" 0.00541924845315548 1.78430836495292e-06 3.57229837894864e-10 8.19373626612161e-10
"401603" 0.00255753214666293 5.9442249121155e-10 2.43429830028871e-09 9.4583526629745e-05
"401658" 0.000520210109233738 0.000262113878930391 0.00230632025853877 8.37016266248798e-10
"401682" 2.96225123893772e-10 0.00641991142086929 0.000399741217546289 8.57690366068372e-10
"401693" 2.74996182471988e-10 7.7185851237309e-10 0.0013695922742131 7.70993576630127e-10
"401705" 0.00420884262023915 3.1809422672166e-09 5.34390122202429e-06 1.07493300398815e-09
"401754" 0.000605181722588302 0.000979719326557799 0.00463149950348264 5.97550127842551e-06
"401757" 0.00473018557122197 1.48334759564708e-09 0.00016620087885752 1.01366493367915e-05
"600112" 2.89047473781688e-10 0.00186672854913412 0.000160668131740901 8.19119303789227e-10
"600216" 3.1775092566686e-10 0.000786111147327396 0.0035971016374796 7.75647782104617e-10
"600656" 6.57110368187929e-06 0.0015620413136913 0.00030974388511792 1.16332465943614e-05
"600683" 3.22406673576631e-10 0.00541846031421809 0.00606552139587418 8.44743646405263e-10
"600690" 2.73961290580252e-10 0.00608401493308535 1.88315168347881e-09 1.65633883294998e-09
"600710" 0.000832594897757763 0.0066946656103654 0.00189157245306746 3.67986967262886e-06
"600987" 2.87328804672545e-10 0.00400852827750022 0.000139640248273029 8.27395476146813e-10
"602062" 2.73428779558628e-10 4.40636854583318e-10 0.00239767061352005 0.00128657419106793
"602129" 1.36729954420273e-05 6.57882457509673e-10 0.00372629487483027 7.73486269877914e-10
"602175" 4.58630670213868e-05 0.000193657351268739 0.00178823327113339 1.55503087856983e-05
"100291" 0.00152900296027482 0.00260990258253848 1.55440049788673e-09 8.95469269694439e-10
"100292" 0.00253937498250988 7.4899725410882e-06 5.05424477098939e-07 8.16731589492542e-10
"100294" 0.00372404858859631 2.82280160422532e-08 2.22510888529997e-05 9.93678603863185e-10
"100303" 0.00183731714442742 0.000305763325380257 7.81622544460277e-06 7.10944831741204e-06
"100356" 1.0044094270339e-09 0.00509166625670206 8.23682235916019e-05 0.00011473821834098
"100365" 0.00191466583851197 0.00434159343326754 2.76061059729885e-05 0.000956823941468315
"100489" 0.000939144875399331 0.00720785929204561 0.000511453801218493 1.03623485014673e-07
"100545" 0.00186798488668954 7.23599102246554e-10 2.67403338480805e-08 0.00810898398604325
"100562" 0.00145399605986022 5.226620773132e-10 0.000840809072240619 0.001678356453817
"100567" 5.63810391209567e-09 6.84053573897486e-10 0.00334003856894382 1.5067353047313e-09
"102025" 4.62691705371418e-10 0.000235852023608986 0.00260236500925891 0.0109340879539599
"102033" 0.00242287269928108 0.000706550064166701 6.26526757516398e-06 0.000510410062947728
"102037" 0.004363198866751 3.45250754535463e-05 6.06541482447323e-06 0.0030611259141753
"102225" 0.0025301956737421 6.4441821734935e-10 4.89742930057618e-06 9.01985118391883e-10
"102238" 0.0016182416413508 1.29377754114525e-05 3.36059265606763e-10 8.2808460828328e-10
"102243" 0.00116311337701503 7.11325004043396e-10 1.53104890798039e-06 8.57873665715863e-10
"102271" 0.00249541451654131 2.37803302527513e-05 3.64201924973844e-05 1.87904060921884e-09
"102314" 0.00205476554555313 1.2484867545501e-05 2.24975314400711e-05 9.89549393585463e-10
"102318" 0.00115658435892615 1.24676298498771e-09 1.14117168743831e-05 0.00170116949686305
"102323" 0.00215408068368684 1.92290534641771e-05 3.55092380456314e-06 3.36051781139578e-06
"102331" 0.00220378560130715 6.16618855078815e-09 5.06119078669657e-06 1.0043237594245e-05
"102332" 2.87756007500039e-10 0.00314549461349459 8.9270764421289e-05 0.00019251064507782
"102361" 0.00416048892530344 6.99153941050713e-05 7.17286982892833e-05 5.16367834964639e-05
"102364" 4.56556124655064e-08 0.000786502471142317 9.57464875283992e-09 0.0043712126127085
"102372" 0.00212625181623791 0.00185933371827603 3.70076159201696e-10 0.000155701417243337
"102382" 6.4503341228781e-05 3.82389975252321e-05 1.20483364860846e-05 0.006068553629418
"102405" 0.00244934645734502 1.69831509462244e-05 5.17177881530292e-10 0.00128548413871376
"102416" 0.00358477270078083 1.38588784218932e-09 5.35815077479269e-10 1.17216604961229e-05
"102447" 0.00205810855183236 0.000645011538289099 4.43993797534117e-10 3.65115549979343e-06
"102474" 0.00325174938099386 0.000220087517619689 2.51354976635901e-05 6.51893473262973e-05
"102475" 0.00281143594887841 6.12799195330034e-10 1.564364067319e-05 0.00121111453369123
"102480" 1.366686713163e-05 1.96718149283929e-06 7.16118663301785e-10 0.00601497168251414
"102490" 0.00215028275267726 1.87579772044201e-06 0.00136764827812979 0.000496959459980866
"200158" 0.00708331809291163 1.37769538059912e-09 9.32410364294925e-06 0.000713645264039886
"200159" 0.000217775475540677 0.00208353664788857 0.000148149816183997 0.00134706258614952
"200165" 0.000289604873272352 0.00852062868760728 0.000215222255533486 1.81324694102637e-09
"200167" 8.42494442108796e-08 0.00790515323638724 7.86662956411469e-09 1.5680313388937e-09
"200170" 0.00735756033962524 9.48498459015682e-06 3.90987038104536e-10 5.38758842903548e-06
"200171" 4.92043517471921e-10 0.00573137592884121 1.1101397343916e-09 0.000114085185870738
"200172" 0.000277377431784072 0.00208619832507711 4.34196153919795e-10 0.017342577245405
"200205" 4.2325800236605e-10 0.000274067827589728 0.00215965507224962 0.00183233903514429
"200211" 0.000739986716629506 0.000242138397740741 0.000531364350380186 0.00442700589609178
"200214" 0.00154939083405575 1.44040297351673e-05 4.50767097085604e-05 3.13698251732953e-05
"200220" 4.01347559482979e-10 7.6597780227667e-10 0.000165598181143692 0.00662467335836845
"200235" 0.00774372826942346 0.000162539036950365 7.04721015312806e-08 2.42466123455322e-09
"200237" 0.000915343759681705 0.000482111739414027 3.09805797351556e-05 0.000113191057475067
"200243" 0.00111206772570815 4.83687198130842e-10 4.28403127008559e-05 0.0029818487182314
"200251" 0.00149817902547348 0.00220236897891596 0.000240033133927294 8.76902241531055e-10
"200252" 3.4680659092171e-10 0.00461943326788795 0.000766411073957598 1.95554610444856e-09
"200256" 0.000404670396143338 0.00260501319112788 0.000279258724731489 0.000396220697801793
"200264" 8.51536278606676e-06 0.00303843992393851 6.84475962152433e-10 7.64542991853338e-10
"200277" 2.96805745496524e-10 0.000404404011670296 0.00197631671552266 0.000598293498212896
"200284" 9.93240894189223e-08 0.0026101953182178 5.70646834638401e-10 2.07543012518562e-09
"200317" 3.2190327197116e-10 0.00107021783390627 0.000780154504821184 7.32128288406253e-05
"200319" 2.90181097074653e-10 4.80579001672417e-05 0.00354782627906401 0.00160325846079238
"200336" 5.20547956423322e-10 0.000139528640918579 0.00102308760020885 0.00655023944342839
"200338" 0.00379818236140861 9.17768380817657e-10 0.000587945704269226 0.000414903395153698
"200342" 3.29727647458449e-05 0.00591361176450799 0.000290075550445365 8.53504581461944e-05
"200355" 0.0011007622498548 0.000125949970504826 0.000113590748253003 0.00394115478971917
"200357" 4.04752738067558e-10 0.000377814545413431 0.000361921251370668 0.0104262461990566
"200358" 0.00267777241486158 1.46355420569137e-09 7.34370383815032e-09 1.2839154193186e-05
"200401" 1.15222631871745e-09 6.84737899911192e-10 0.000166133352696781 0.00957261131146081
"200404" 3.0598471900511e-10 0.000111971219819867 0.000744578948268599 0.00471491606740734
"200406" 1.71633381686165e-08 1.08872512332152e-09 1.25959290278288e-09 0.00901881832635278
"200407" 0.00281452510994861 0.00045459269464582 1.00879860359104e-05 0.00195608647656747
"200410" 0.00458456109307492 1.3241624865318e-05 6.20116511195544e-05 8.0973783907113e-10
"200412" 1.83128495866238e-09 0.00475614947026796 0.000266523419792452 0.000418461944734847
"200414" 3.46651362395872e-10 4.97685768292651e-10 0.00276389833424453 0.000786227106106571
"200418" 0.00261562121740392 0.000316478195161344 1.45345116678953e-05 6.28997435928794e-06
"200420" 3.0095197037449e-10 0.000420671821631453 0.00420848322705456 0.000153702926532206
"200429" 1.22014813719767e-05 0.000162718740615257 0.00106902799479199 0.00104195492707005
"400559" 0.00439207835046069 1.01877671908496e-05 9.71867505511375e-10 9.40488502660981e-10
"400561" 0.00263820125945866 1.18645533290155e-05 5.68867656715404e-05 0.000783085323303725
"400629" 0.00244119771146784 4.6293782061403e-05 0.00030909920226852 1.41525205275487e-09
"400630" 2.93709203598006e-10 0.000651681948378667 0.00299662836773626 6.35937691001731e-09
"400637" 0.000734387353095678 0.00494083646879062 0.000428865275749991 0.00134916608882893
"400680" 3.63824937568459e-10 0.00633434961551502 4.3421143991648e-06 1.3373971581096e-05
"400968" 0.00222710349464034 5.11737130319442e-06 6.17021108537514e-06 7.54389403694681e-10
"400970" 0.00229936800870795 0.00294778625966974 0.000119657162550716 1.44907844677805e-05
"400975" 0.00410383757672552 5.14392666226977e-10 3.37618054779358e-10 7.58037296392317e-10
"400994" 0.00276430242980098 1.96193819227659e-07 3.38584311167272e-10 7.53568767146521e-10
"401006" 0.0030532045761015 0.000450019931868774 0.000113906233999142 3.0121690819351e-05
"401011" 0.00142193211923832 0.00118771038207614 8.50156695999725e-05 9.64587087058943e-10
"401015" 8.35590043719109e-10 0.00120909946314644 0.000198850624037296 0.0043662222940247
"401017" 0.00556591371087004 5.15712829093509e-05 3.89601969689412e-10 0.000622179034715302
"401026" 0.0038090001122791 1.93341350660423e-06 7.05106793895002e-07 8.4048964594477e-10
"401029" 0.00457704011914194 7.68417105541713e-10 1.81097003280582e-06 8.5702138218518e-10
"401034" 0.000564674259484739 0.00603441175546152 0.000138948632472246 6.21553407789354e-06
"401079" 6.52633820691116e-10 0.00129526883797083 0.0021478761838527 1.52699788129476e-05
"401098" 0.000714084664555371 0.00162231636452104 3.8445397061651e-10 1.90472728225782e-08
"401100" 0.00236192596742795 1.5241370992083e-09 1.04692719640599e-06 0.000116583464616641
"401121" 5.57296938076543e-05 0.00286704982216481 0.00111615730218928 1.35737764640939e-09
"401129" 0.000168107159826627 0.00353068460836487 0.00138689559134945 4.83774056038426e-05
"401134" 0.00123704511636576 8.75106532222346e-10 6.99758812673919e-07 9.77893821916829e-10
"401373" 0.000985809947665865 0.000613116521988885 2.61564478329038e-05 4.53471333649371e-05
"401404" 0.000998381332596247 1.73065553303399e-09 0.00450148329506218 0.000772685387205066
"401530" 0.00356156766983535 1.28435988949e-09 6.992650779485e-06 7.80246987328031e-10
"401545" 7.18773157404574e-05 0.000633491879008321 0.000910424130477952 0.0021466673800167
"401554" 0.00181570353412873 6.23321950769785e-05 3.53083378017449e-05 9.52543621459e-10
"401560" 0.00175259115149353 0.00029955784717376 0.000638408396548355 7.68551525638645e-05
"401602" 1.83453139443603e-05 0.00359895244825022 1.07730474834043e-06 7.50046822678835e-05
"401604" 0.00348423079752352 0.000376026327349939 2.12372269388683e-08 2.61006721261681e-06
"401608" 0.0046166004782192 7.57579211213894e-10 0.000351349767745411 1.38655046745138e-05
"401718" 2.78701631753116e-10 0.00393978342463377 9.97130350936655e-05 0.000163241411225893
"401722" 0.00373759330628628 5.41707775970098e-10 3.85083263168507e-10 8.46937646487171e-10
"401728" 0.00495361162965615 5.79912837322438e-10 5.20310867772608e-06 5.58606373835661e-06
"401730" 6.21973484085388e-06 0.000561057671080019 0.00315953495666785 1.05602479194806e-09
"401735" 0.00198327731411555 0.000284678348851596 0.001533375966869 8.61457825378499e-05
"401736" 0.00500670986404736 3.81367328373832e-06 5.24214610611952e-10 0.000182323494988713
"401737" 0.00446825275642352 6.65665747374942e-10 4.86354820213215e-10 0.000151170652212344
"401738" 0.000935804608047749 0.00368017702775129 1.17585264154718e-08 1.61869796943333e-05
"401764" 0.000793283697694143 0.00145673302688614 0.00394361436566113 0.00271234475642657
"401796" 0.0051017340506156 5.01570162999646e-10 3.34381137318848e-10 8.04136158700418e-10
"401812" 5.9776277806419e-10 0.00240319808134351 0.0014242258982862 8.34965602168462e-05
"401881" 0.00170311299991723 0.000104930991701668 0.00166852661157401 2.36803109622274e-05
"401883" 0.00232430110805913 0.0004714090619931 0.00164003827868618 0.000129333725729875
"600052" 0.000715525507728452 0.000644959264591469 1.0041173751785e-09 1.72079951088735e-05
"600083" 4.71622040102268e-10 0.00250458909041016 3.71674738709159e-10 4.95568263661204e-05
"600090" 5.71849545555198e-05 0.00365045906556285 5.35872624471151e-05 5.34006276033403e-05
"600166" 2.6817706080181e-05 0.00215987334691114 6.72139283352871e-10 8.63590987969065e-05
"600173" 3.15441645222289e-10 0.00403417158644001 2.00426413043377e-09 1.03481098312584e-09
"600262" 2.8374620696192e-06 0.000680468709086228 4.89374878539871e-10 0.00247638230798617
"600319" 0.00105200976280348 0.00019984929458868 3.84075722599269e-10 0.00144010092147363
"600346" 0.000430680546363114 0.00362071067639466 0.000280812907352451 0.00189890591316396
"600362" 4.55026358039629e-10 0.00021890079625032 0.00181025578013604 2.55772924156177e-06
"600584" 0.00113653309604204 0.00013930702676693 3.98585242157095e-06 3.81807236672791e-05
"600627" 0.000297290139000085 0.00672936777784178 2.51263269344695e-05 5.67712606643971e-05
"600632" 0.00241019547922351 1.84897085493299e-05 1.37889279197735e-09 0.000763576583867044
"600633" 2.89787326057722e-10 0.00203538813770576 0.00061556752412539 0.00359298210262251
"600635" 2.84015929470865e-10 0.000840304308910222 0.000142035602101372 0.00212448249723046
"600648" 0.000517143861025555 2.60283345450494e-06 1.18692710279739e-09 0.00360397612991642
"600666" 0.00354695898253958 0.000570343277604063 3.06340726315784e-05 2.97461253630706e-06
"600668" 3.47285118850289e-10 0.000731581140436439 0.00226842550654646 0.000126426094858079
"600671" 5.98589564407418e-10 0.00401102154004995 0.000537519554162818 0.000632241156591535
"600686" 4.03647162212646e-05 0.000879384329213641 0.000529731885116229 0.0029389510937514
"600729" 8.81981600113768e-06 0.000951712403152375 6.11853094206551e-05 0.00523514583173472
"600781" 4.01213915766089e-10 0.00658159371529418 0.000206335007503618 7.77300322492428e-10
"600789" 0.00113363984305834 0.00823224997911779 6.84625620413829e-09 0.000392839957285678
"600798" 0.00134081055748827 0.00120120544207815 6.51929801026594e-10 0.000959757159596005
"600801" 0.000686552044293987 0.00144461050856102 3.54187577896293e-10 0.00118825276627998
"600812" 3.03221982106121e-10 0.00121815989704174 0.0016026066247545 1.02963517844868e-09
"600816" 3.15799463388382e-10 0.00424853932911455 4.14891092871479e-10 0.00153322354899642
"600890" 1.86017084311618e-05 1.47136452112835e-09 0.00553157477347095 0.000647059445180411
"600901" 0.00174657563923062 0.00236669236764977 7.24656141898337e-07 0.00386920072612444
"600913" 2.89106228853758e-05 9.56166540532805e-10 0.00208440567400893 0.00697084279248884
"601001" 3.05853101443334e-10 0.00574378337196673 1.03431245789727e-09 4.7176090201557e-05
"601003" 3.95992083851e-06 0.000170391097116565 0.00108857757559369 0.00653023726018582
"601056" 0.000108064792414471 0.00353032763678788 0.00247839595690179 2.45808598374024e-05
"602036" 0.00324823479086425 2.10181526103313e-09 4.82783941007158e-07 4.4413096039137e-09
"602039" 6.70387384633959e-10 0.00100156137932456 0.00108962135993191 4.50920809473519e-05
"602040" 0.000200577577926467 3.0999114231834e-06 3.05155279033312e-05 0.00388924855696759
"602061" 3.51721174799239e-10 0.00340320882461467 4.13216459058487e-10 8.9301973178044e-05
"602085" 3.69024998396991e-10 5.56534844987158e-10 0.0018986739744128 9.05226967294585e-10
"602102" 9.21876498149836e-10 0.00106858957251961 8.89623696923111e-05 0.00571950809927119
"602107" 3.35560289389573e-10 0.00156563803316825 2.18352218294977e-05 0.00130359127002704
"602133" 0.00173319325804685 2.04522134843894e-05 3.34944359809527e-10 9.26347395541305e-10
"602372" 1.07790138412757e-06 0.000226476117883978 0.00412434343062826 0.000145966488825912
"100275" 0.000239772367515276 0.00358093849524999 0.00013990278724608 0.000894131723536014
"100322" 7.46930501322761e-06 2.62213128218058e-07 0.00207732068216068 1.93273442307908e-05
"100341" 0.00153621423447373 7.51650785227736e-05 0.00164689588838233 0.000292544145574862
"100556" 0.00244347575187355 6.72326600941896e-10 0.0020223845837388 0.000218307297409125
"100636" 0.00321711093995512 0.00446424704250932 1.91499671618447e-05 0.000129133320369878
"100749" 4.7992076482892e-06 3.267997354834e-05 5.99680978804692e-10 0.0135030918934871
"100815" 0.000895502868857546 6.24591227523811e-10 6.42780940059501e-10 0.00265807406840904
"100821" 0.00117874905753316 0.000445325760715353 5.08271758463852e-10 8.24050588901417e-10
"100829" 1.34337426169862e-09 0.00548554078826737 0.000182418039440889 6.34868490371531e-06
"100831" 4.42308061272631e-06 1.03084967775374e-09 0.00412447474386734 0.000446002530761068
"102027" 0.00097802011712628 9.78454076483124e-07 4.44651418362255e-05 0.011748027478398
"102039" 3.45281974264846e-05 0.00406026075203357 0.00236394086710527 3.2560205663266e-05
"102047" 3.79611785361147e-10 0.00279626763407613 0.000900743893226694 5.72276300594823e-06
"102075" 0.000160104095350337 5.56349043427047e-10 3.45619237319238e-10 0.0122926437561807
"102099" 3.19290367360643e-10 0.000280903626205808 0.000182154672353058 0.0117830916112749
"102106" 6.47135027625619e-10 0.00782924730337943 0.00116636638299782 0.00109430302848967
"102117" 3.10408966574624e-10 4.75268689432707e-10 8.50639781579622e-10 0.00943764306764207
"102257" 2.62632076561134e-06 0.00048982640948345 0.00112946299866089 0.00281843142715168
"102258" 1.02037625355995e-09 0.000139054041181416 0.00263786712454371 9.17192204227658e-10
"102267" 1.4366450405954e-05 1.2686256918405e-09 0.00281116703582183 0.000155710802861853
"102288" 1.70515407373901e-05 0.000430131149958535 0.00320897022592364 6.77227014705123e-05
"102298" 3.43801342916014e-05 6.00111126184921e-06 4.40245997228986e-05 0.00368754695024621
"102301" 0.000252389319527418 9.42959979861051e-07 0.000179693740637639 0.00215399915029704
"102304" 0.000616940106947143 0.00191221401144518 1.0875061538058e-09 2.52998285217746e-09
"102311" 0.000251224532782038 1.25840284218509e-05 0.0025597130770317 2.84761999229005e-05
"102348" 0.00117073866861549 5.86587602883029e-05 1.62981492566996e-05 0.000254642726146039
"102355" 0.000548018513931759 5.2113044217877e-10 0.00139760768436223 0.000185975144112531
"102373" 0.00206613865478123 1.49266581493348e-09 0.00127859818313713 0.000652509342586384
"102375" 9.51041982745205e-08 0.000742256200743472 0.00180838169670233 0.00261875027761099
"102384" 0.00112645280658332 0.00125859490227865 2.72641740332868e-06 1.26708438812354e-09
"102390" 0.000316759271425417 0.000469157239547518 0.00493181695380455 9.72498393632112e-06
"102396" 0.000728284149842305 0.00305748925824558 0.00131551117831232 7.99384781195955e-10
"102427" 0.000300425502364817 0.00376074836305607 5.36392876664886e-10 1.90410702736206e-09
"102442" 0.0022719947882603 9.15852634553871e-05 3.54432974107984e-10 1.70188712039726e-05
"102452" 8.68971681952982e-06 0.00513053658597893 0.000100089262953666 3.38429493840214e-06
"102460" 4.01379698034031e-10 0.00192296117856274 0.00361576238550622 7.70625847385358e-10
"102465" 1.55663941022259e-05 1.47316822646153e-05 0.0035143044542489 1.19571552186629e-09
"102471" 0.00370302411872444 4.96885139081118e-05 2.83820901263702e-05 0.000153119128182151
"102489" 5.15898218258159e-06 0.00392736745236381 0.000628577744776257 8.25200857641149e-10
"102494" 3.36145403232938e-10 0.00395555734883412 4.52668518987288e-10 1.03569270639183e-09
"102495" 7.38172646149464e-10 0.00070792589548676 0.00132323796307256 0.00690927858178052
"200068" 9.5397102820004e-05 6.65356846167998e-10 0.00612853515768934 3.56470457713479e-05
"200079" 0.00568207113849405 9.37171130074799e-06 2.83717164638892e-05 1.13173332151398e-09
"200129" 0.00270477451411472 9.46309570110488e-06 6.97083415410427e-05 1.03944746035144e-09
"200131" 3.83872650428061e-10 0.000586157214769347 0.00316566780122359 1.36859259686837e-09
"200132" 5.08342291998925e-10 7.37757961413137e-05 0.00167594133963409 0.00499938563314196
"200140" 0.000328928220331878 0.000123691875978378 0.000113832763370166 0.0210926470829991
"200143" 0.00160256921390979 0.00146645356490972 5.75781846824698e-09 5.24044532702304e-06
"200144" 5.42764231137625e-10 2.61957768705949e-09 0.005871659000643 1.33461820488514e-05
"200147" 1.03843317481446e-06 2.99948560315062e-05 0.00569753418802163 8.20668583377256e-10
"200149" 2.86438271100123e-10 5.20370751779485e-10 0.00378119368257004 4.27705439295247e-05
"200154" 0.00114371598312484 3.05651738221828e-09 0.00552774079072666 0.00101431718500721
"200156" 4.66034495798433e-10 7.87765585609067e-09 0.00492265367670484 7.85814491145747e-10
"200157" 2.7936345934483e-10 5.07872266298448e-10 0.00282948751961317 7.53696051722885e-10
"200175" 0.00116754316560352 0.000775781412625859 0.00287828213919493 2.68661261910736e-05
"200178" 4.17463055967925e-10 4.89808359657273e-06 0.00353639589851963 9.18300991993362e-08
"200184" 2.06927824698205e-05 4.80094998035607e-10 0.000612910948960817 0.00300168009264325
"200192" 3.06417459439041e-10 0.00038572934549678 0.00286890799080358 8.37540255416502e-10
"200196" 4.06137328393732e-10 2.19126728558451e-09 0.00489719188112637 0.00377656400890389
"200199" 2.96994904602313e-10 7.43029222843603e-10 0.0045389996727979 0.000255784242155425
"200242" 0.00102706227714139 0.000465517918167583 0.00114451283967263 1.87860341764361e-09
"200244" 3.95149879670796e-10 7.79177344713446e-10 0.00656158916131338 5.94652386219325e-06
"200287" 4.31563523896372e-10 4.29139410530008e-10 0.00299041158918625 7.59244286619238e-10
"200288" 0.000403681813774327 0.0018564798138282 0.000429739453977591 0.000280712995947143
"200295" 2.78964449372728e-10 1.365224673911e-06 0.00470177468641027 0.00185133916583877
"200298" 8.45661420489843e-09 6.06314253860876e-10 3.61634692065032e-05 0.0113063911099683
"200299" 4.13493818611871e-08 8.01733439065343e-10 0.000265976740388375 0.00470297100145284
"200300" 6.02918798662376e-10 5.03785970781897e-10 0.0020271816123762 7.51643245555787e-10
"200301" 1.08638022348345e-05 7.0734466150288e-07 0.00494010295550546 5.05263273983303e-05
"200302" 1.94743890529034e-06 0.000943073086468541 0.0015260869760599 8.16200383283112e-10
"200304" 5.41472394779398e-10 4.69753202095866e-10 9.98827640057614e-10 0.00877667912575971
"200306" 0.000218778352199917 0.000390734140008857 0.00157180493572195 0.00674577686090609
"200312" 0.00125877925887583 4.92585865900636e-10 0.000444587380084831 0.00324866041628593
"200324" 4.80042163067782e-10 0.000619533352696153 0.00291419552193369 0.000313545875509509
"200328" 0.000153408777373125 0.00205197404302984 0.00222188553235045 0.00464464061384516
"200331" 2.73617936996945e-10 4.44147181919963e-10 0.00754996304733459 0.000163068553293736
"200332" 1.91462263733649e-09 0.000874558276547242 0.00404362450999773 0.000117452095995585
"200347" 3.01176058360572e-10 0.00028866978605043 0.00608119679734691 0.00139513613057477
"200350" 2.75976155885677e-10 7.1846944967953e-10 0.00487182311802703 3.76165386776114e-05
"200363" 3.38592105163422e-10 4.84602417573666e-10 0.00328678999962189 8.28214748842141e-10
"200364" 6.50869703793652e-07 4.9153142981099e-10 0.00506542625018402 8.34712193168433e-10
"200365" 2.9487346735562e-06 0.000435951189542466 0.00613444407760401 0.000925253894132555
"200370" 3.75046466462375e-10 8.33950382053826e-10 0.00330878651445501 8.18118002870126e-10
"200371" 0.0031867131930457 7.81272362351209e-06 7.00067687635226e-06 0.00277927148417295
"200377" 1.11987206862741e-06 0.00243224622402451 0.00111391737256763 1.00568993206367e-09
"200378" 2.39349989473013e-06 0.000778094712385402 0.0020389499653892 0.000312471871446648
"200379" 0.000212165555553681 2.43566426989213e-05 0.00299348952237999 0.000228515353156134
"200381" 2.73274931274084e-10 4.93499673095554e-10 0.00665925182630105 7.5661380461463e-10
"200383" 2.85459843121154e-10 4.93794802808068e-10 0.00260373056052811 7.51555536219389e-10
"200385" 0.00180724992590994 0.00142318775970866 0.000144608115994668 0.000145642072645953
"200386" 0.000232625529308422 1.17224628708177e-08 0.00263700864375631 0.00377079403462861
"200387" 2.80212512376897e-10 8.13990652708472e-06 7.88289346340278e-05 0.00951918017636559
"200425" 2.95366090647545e-10 9.02538870409388e-10 0.00417342919550201 0.000275374264276223
"200430" 3.38899842479761e-10 0.000433675702979795 0.00326381599421144 5.79245695055377e-05
"200434" 5.11482443496022e-10 1.05055694212569e-09 0.00241706526174969 0.00142847183852743
"200442" 0.0022900610624211 8.29140185984866e-05 3.40382881604369e-10 0.000317138112301811
"400560" 0.00146246369215923 0.000184645489193299 0.000248710197252187 0.000385949828436924
"400636" 1.25482180567258e-05 0.000808041560566591 0.00259074173787511 9.48183261363636e-10
"400640" 0.00141799953880379 1.31403068511602e-09 0.000792670576236098 0.00201241913641834
"400642" 1.76828204678833e-05 0.000451405657573255 0.00265923676367065 0.000172572370686445
"400656" 2.79341110251901e-10 0.000160486347103047 0.000499216612081425 0.00224919662796922
"400679" 0.00048869340941658 0.000489331940282949 0.000513482118271498 0.00142950228385255
"400881" 2.8601999892427e-05 0.000578392427384373 0.00395211909316272 0.000474182814629684
"400921" 2.28295559020407e-05 0.000759686877885203 0.000709170204011905 0.0101985939118328
"400969" 2.7903700719835e-10 0.00161467068100616 0.00309913690480434 8.59283497212891e-10
"400995" 4.99820857103996e-10 0.000145046764271663 0.00323207219012056 0.000266488222610531
"401035" 0.000101648211884113 2.74538069529365e-05 0.000892568425830516 0.00367900171039903
"401039" 1.97502548557347e-06 1.644593376744e-05 0.00280953284059793 0.000123273208230927
"401072" 9.29718253754483e-10 9.41552308224886e-07 0.00519513445251763 7.72118530309078e-10
"401073" 2.74661107440133e-10 4.25966058170387e-10 1.06666783944093e-09 0.00389009441203836
"401078" 2.76332164210536e-10 8.1282477944743e-10 0.00287646179998089 6.11908902478008e-06
"401083" 2.74603539721738e-10 4.7918897987661e-10 0.00170660863700644 3.75866138462664e-05
"401085" 2.77107284055083e-10 7.21805000406076e-10 0.00281443687951204 7.72145496349511e-10
"401091" 1.63482007512152e-06 2.22631581049578e-05 0.000835673867430249 2.94703880278226e-06
"401093" 0.00283095792478457 1.05121752092868e-05 4.45193582084764e-06 8.0506320468805e-10
"401105" 0.000422414642014535 2.79517135197415e-05 0.00113516211013279 0.00179682582086482
"401107" 2.85081036220861e-10 0.00129190486212921 0.00234329602944202 6.47829095437666e-06
"401109" 4.64635242674498e-10 0.00110125495158038 0.00250598149914479 9.22894666762405e-10
"401111" 2.80732728289839e-10 4.94071873345766e-10 0.000590020730311943 0.00479920648421149
"401135" 3.5682138734122e-05 0.000333395185107625 0.000923783989573588 0.000551375081328396
"401140" 3.05689837644733e-10 7.32975364366719e-10 0.00339794265008607 2.01591139570203e-05
"401181" 3.71065243150476e-05 1.42620316226892e-05 0.000117454826964224 0.00948241043614559
"401200" 3.55122948457114e-10 6.4656189117409e-05 1.97049876981057e-05 0.00576846447217323
"401235" 0.000859344263365045 0.00228801049739784 9.60722711884073e-05 0.00123381305113003
"401241" 5.84739363619682e-10 0.000215130694237184 0.00177390581944484 2.54299328170217e-09
"401261" 2.74864642813391e-10 2.17056154798645e-06 0.0032167573665007 3.14706352313186e-09
"401378" 0.00274306098117178 0.000151409217047404 3.41921605092699e-10 3.69353596574268e-06
"401547" 0.000104383388467066 0.000563262428913224 0.00220137583996741 0.000511907008188668
"401567" 1.22623443876639e-06 9.57217216527073e-10 0.00330391115165143 2.32787487245339e-06
"401572" 1.81467078341819e-09 0.00149654951235624 0.000220294814896711 0.000536754298624108
"401581" 0.000159232635905635 0.00236082397170213 9.39700916010073e-05 2.11793428940029e-06
"401605" 0.00471168597204798 0.000892205754847549 7.23533618079962e-05 4.25859785738734e-06
"401609" 0.00507417944518878 4.75088959539324e-06 7.76031453096655e-06 7.79586726944922e-10
"401624" 4.35041835527508e-05 8.81687016756235e-05 0.00184524747551262 3.49535540918818e-05
"401635" 1.98909231182991e-06 7.83052741615476e-06 0.00265644311216992 7.63881762082033e-10
"401644" 2.74412577398537e-10 0.000833348858409866 0.00151614726388873 7.64685629529912e-10
"401645" 2.76639424464964e-10 0.000121869988463859 0.0013537200959029 8.38565267185729e-10
"401666" 3.9860382491653e-06 5.48455850278098e-05 0.00189484024740665 0.00367679586720064
"401704" 0.000111312907664666 2.18377142948165e-09 0.00613478430913067 1.24073057227972e-09
"401710" 1.02518893096853e-05 0.00436814913802319 0.00156504233445429 9.84180281394963e-10
"401711" 7.52975992774041e-10 4.83993558325309e-10 0.0037849989828492 1.17725531081831e-05
"401739" 7.06333966202916e-10 0.000195356378240641 0.00608132908716915 1.07961498941076e-09
"401740" 1.47679035682286e-05 0.00705944433857875 0.000732218346967027 3.10632945247121e-08
"401750" 0.00342023026699291 3.84311544341332e-05 2.08153455299432e-05 1.57407598863436e-05
"401760" 0.000415762502146188 9.32882824114752e-05 0.00577069627064239 0.00219320669726646
"401778" 0.00104123016897029 1.17529817553493e-06 4.04611324601241e-05 0.000183385094719809
"401856" 3.63574861196187e-05 0.00299528121238858 0.00327739618854222 0.000546156628123711
"401860" 0.00240048641546065 0.00111867428946158 7.75992672457458e-05 4.58101106755003e-05
"401863" 3.11158622031198e-10 3.84734987888053e-06 0.00462553757379581 1.09270859920374e-09
"401882" 0.0044760141860933 5.5874438468752e-05 5.48591085990778e-05 1.09871993584746e-09
"600053" 3.06359337483299e-10 9.52338120726464e-05 0.00155563470494863 2.99963516556149e-05
"600624" 1.29851345796719e-09 1.53436409217406e-05 0.00327342992402497 7.42787254843733e-10
"600655" 2.7386142391016e-10 0.00432276928959948 3.65240724764946e-05 5.60466848747083e-06
"600675" 4.22961765052426e-10 0.000152043925303187 0.000918810914778472 0.00137473174238707
"600776" 8.14231239472378e-10 0.00137750138937669 0.00504285363969731 2.11828746682247e-09
"600782" 2.99075758614392e-10 5.86878302416443e-10 0.00879062901660636 7.31155243129466e-10
"600787" 2.98003041475816e-06 4.28715221084898e-10 0.00450456673490335 9.0493562778306e-10
"600803" 9.23263247030904e-09 7.14332229659198e-10 0.00683289993260973 7.94417067752783e-10
"600805" 5.03791853142694e-10 5.58948245751519e-10 0.00291284363435355 7.29570796779453e-10
"600819" 2.90312542376041e-10 0.000330636481999949 0.00886799047753583 1.78505972876305e-07
"600824" 1.41165677675603e-09 0.000957616199937567 0.00122282622828867 3.36950132867052e-09
"600837" 7.67727125526343e-10 5.27284212916136e-10 0.00355306680716174 1.0042535158635e-09
"600840" 7.31904388169822e-06 0.00165400046184529 5.64691472467465e-06 0.000207691328644625
"600843" 0.00135912212515733 3.77956418725271e-05 9.73323855635068e-05 0.00458951441473602
"600845" 1.13461194666343e-06 9.97826148164236e-10 0.00230828675129096 7.4528916983691e-10
"600863" 6.88474674995652e-07 0.00378008037198539 0.00194853435635002 7.75543966172079e-05
"600880" 5.34918070496451e-10 5.11946067491252e-06 0.0033041837681796 6.20582879695258e-06
"600910" 4.60341550734622e-10 0.000167710180889111 0.00526743463780732 1.05438582924997e-09
"600919" 3.44324038418206e-10 0.00094974223060614 0.00328174200973279 8.67242253062905e-10
"600926" 0.000211941731034272 0.00104972827732636 0.000375117049815388 0.00688752496104965
"600970" 8.56072354073332e-10 0.00104616998966033 0.00548654864054625 0.0017869714251782
"600984" 0.00488972320888643 0.000602540007479439 7.62865587341798e-06 4.89568974492369e-05
"601008" 0.00209105489355618 6.45781892233219e-05 0.000126357328598959 0.00174665949685678
"601009" 2.7961581723557e-10 0.000159473526949148 0.00289601114412077 1.77616206284636e-09
"601046" 0.000228173570466062 0.00840247227041329 0.000756307444851064 3.37276268521883e-05
"601049" 1.02844505906692e-05 0.00485719576193771 0.00230207278465458 2.88377162149545e-05
"601050" 8.51505629802486e-06 0.0025195260971916 0.00263780607162574 8.41321035623108e-10
"601053" 0.00160879683232087 0.00227779007764424 0.00310351172201022 0.000162849014153187
"602070" 4.97184225788121e-06 5.53684401379023e-10 0.00294036752044524 7.92054574667458e-10
"602143" 4.93472962565354e-05 0.00160542392358799 8.72271764035832e-05 2.64127118018126e-06
"100274" 0.00217373078002043 0.000691457909141034 9.10728718187715e-10 8.43357278077803e-10
"100277" 0.00112626984072226 0.00220985638008298 0.001430886952357 5.54941823453007e-06
"100401" 0.00177005118563249 0.00187995299809193 1.11184568044454e-07 1.48895145517615e-05
"100491" 0.00333287895719003 1.85715529201842e-05 9.5953009782053e-10 0.00065512036969903
"100848" 3.2519009704732e-10 7.13911130985541e-10 0.00475482464453635 2.51506710625662e-05
"100889" 6.8720695732796e-10 8.29185146827433e-10 0.000528700245172461 0.0128290634381027
"102221" 0.00139577920316753 1.0058551164889e-06 0.00297756375564992 2.89816640473261e-06
"102294" 0.00139972130409751 0.00142130029561329 3.37851027466959e-10 2.10219209355524e-05
"102300" 2.2982281342722e-05 1.63062206952859e-05 5.93630022573947e-06 0.00482481287555493
"102334" 0.00195586915944019 2.95386310309846e-08 4.39986454437362e-06 0.000164354702436646
"102337" 0.000564356245816795 0.00168021133318054 0.000129237845489833 1.64197759026044e-08
"102338" 0.002020052577446 5.89302959693109e-10 5.02416175517551e-05 2.78014393765436e-06
"102377" 3.36670869540373e-10 9.11394651719516e-06 0.000570941082821072 0.00547333913169579
"102417" 0.000111414015858949 5.31946854929929e-08 0.00281444534445269 0.00253496364560261
"102418" 0.00386290344592675 7.41647499768959e-05 6.05849184677741e-05 8.30056780445813e-10
"102444" 2.94525852241426e-10 0.0046951977722141 4.27838331482504e-05 9.38460209280948e-10
"102470" 0.00250395644826938 0.000791824970836675 1.98604699205061e-08 0.000216722032937948
"200106" 8.44113353641745e-05 0.00099936267444926 4.83710379120166e-05 0.00525501435385774
"200133" 0.00181112063535557 9.67467056975019e-10 7.09662820924545e-06 8.05646444647913e-10
"200241" 0.00168633324668181 0.00387302183343966 5.1188946172802e-10 9.56698633101889e-10
"200248" 5.55050566512973e-10 6.87690345810368e-06 0.00477942151553138 8.22153021974913e-10
"200292" 8.88845719930742e-06 0.000737090555800013 0.00247870308281309 0.000245608547727751
"200310" 0.00211260006982224 0.00013133481938054 3.75211236035066e-10 9.89154525086944e-10
"200321" 0.000552385375096176 0.00129792497068927 3.52554403462263e-05 2.61212674736112e-05
"200323" 0.00182652380311584 0.00150963082879862 7.6830429489864e-10 8.11592210314358e-10
"200367" 1.13739279481383e-05 2.20119348525713e-05 0.00673325912153699 8.43574943435485e-10
"200382" 3.22590808152786e-10 9.27218486078341e-08 0.00124241117618817 0.00342285786379081
"200388" 0.00231384742489203 7.0444114063693e-08 0.000127099358305053 9.65434284850552e-06
"200393" 4.39607574632179e-10 1.04211755164505e-09 0.000118667149946378 0.00546303578233084
"200421" 2.27025771725875e-05 0.00366951171474853 0.000332853126111904 2.80027641208443e-06
"200422" 2.8264373588945e-10 0.000208738911368619 0.00210327452586206 2.26031660972007e-06
"400554" 0.00259474528760709 5.07765284589655e-09 1.66386354826863e-05 1.10934810454482e-09
"400556" 0.00486094641659762 3.01008684013949e-09 3.8340734847756e-05 8.36523694012796e-10
"400558" 0.00204246697734841 0.000229931920579659 5.80323132214293e-10 9.2049122956815e-10
"400631" 0.000443846376920083 0.000112536202773042 0.000915390209564319 0.00146432993512489
"400634" 2.89752186287483e-10 0.00134903140063274 0.00378736305460907 9.34508307079462e-10
"400875" 0.00198485236857827 6.96097477829549e-10 0.00145237123628329 7.6488853928881e-10
"400972" 3.58507862717929e-10 5.99973762698057e-10 0.00197563660131066 0.000157730612666935
"401020" 0.000773176264240776 0.00291780203534472 2.13546873519914e-09 2.28129914258812e-05
"401023" 0.000346015908416497 0.00199031833829432 0.000722855455461092 1.9624953091438e-06
"401025" 0.00356288783603424 4.00603989839749e-06 0.000697983409021814 2.79024940048852e-08
"401062" 0.00195499727390259 0.000166519983941631 7.46806272947514e-05 7.77313938594704e-10
"401076" 0.00162305388598935 0.000123583236242029 0.000263893977841343 8.43893228675398e-10
"401080" 0.000320321592860893 0.00255550096837297 0.000761724584723549 2.09636027852563e-09
"401088" 0.00162244252694592 6.76545461268786e-05 4.03501237337191e-10 7.63946535549322e-10
"401095" 0.00341222717802536 7.88133420019941e-10 7.3561341682116e-08 2.51405406298037e-05
"401097" 0.00215477864662906 2.55245899333281e-05 8.49879185859695e-06 7.83597180506319e-10
"401101" 0.00208690507421116 5.19792548751037e-09 4.19300054015904e-05 5.0638224152276e-09
"401115" 3.88705085443557e-06 5.65760828967642e-10 0.00168323952710462 0.00381188583448861
"401118" 6.19760357699433e-05 2.96095828815532e-06 0.00269164704444312 7.26150385307895e-06
"401133" 0.00279296786039461 1.43364187401702e-09 7.45322233813611e-10 7.60975120435783e-10
"401182" 0.00323436987176987 2.12134443839739e-05 1.6768169989159e-09 3.58887160447658e-06
"401244" 0.0025080648729453 1.8299623689515e-09 2.6041263370861e-05 1.20153197525749e-09
"401370" 4.6830488548684e-10 0.000588063879701749 0.00311205389721279 9.72187035717087e-10
"401372" 0.00111807882568844 0.000647893682963488 8.52521390701552e-05 8.70171125681955e-10
"401517" 0.00247302164588742 0.000464639348282611 0.000124939498702687 1.57997552044735e-05
"401596" 0.00175329006757735 0.000536046290533351 7.89771322805612e-05 0.00798580858322139
"401637" 2.77731881787333e-10 0.000575669957499394 0.00301424144529328 7.54524815408293e-10
"401726" 0.000184636935499493 0.00211430403662889 0.0021216884755685 1.93555740063615e-09
"600808" 0.00065270218782548 0.00326466027727035 9.8589611251774e-05 0.00159004493006631
"600813" 8.01767969182737e-05 0.00764064730680844 0.00301728869132046 1.83708135250803e-05
"100395" 0.00279511657557038 0.000392995285410927 0.000264346652510026 5.41627544188142e-05
"102026" 2.32433641087162e-05 6.4421490087491e-10 0.00406222598748766 2.97073449681993e-05
"102028" 2.93370772142672e-10 5.74690866565451e-10 6.86418261287316e-10 0.00985642139234758
"102030" 0.000168986881039679 1.55936139077546e-05 0.00447938601107198 0.000107296844681659
"102038" 8.56036774255503e-10 0.00676826811437122 4.19197472748926e-10 7.93127089336995e-10
"102045" 3.95720882665248e-07 8.51233800047616e-10 2.26664192221739e-05 0.0079618449816391
"102046" 0.00173245648863462 2.22400706104945e-06 2.89282896995599e-05 0.00648679360637809
"102083" 9.14539155853325e-06 0.00456557194858719 0.00122526127072769 5.16402639264133e-06
"102092" 2.9141529043308e-10 0.00194063062939927 3.63359151428406e-06 0.000105649650774845
"102155" 2.74037474654359e-10 0.000152192076969265 0.00271309233218132 7.34999890328442e-10
"102174" 2.74935087633269e-10 0.0062938132349783 0.00285080884663037 3.73099514009143e-06
"102177" 4.62752251819518e-10 0.00187108850420762 0.00351642702511715 3.61414485162146e-06
"102184" 2.95162613339893e-10 4.76207494116799e-10 0.0121503557163259 9.62653575383629e-10
"102186" 5.33220106254073e-10 5.34891872269998e-10 0.00036112029969901 0.00259611813724762
"102188" 0.00246576814239621 8.45156820589741e-10 2.75316138916117e-06 0.000806221746263572
"102191" 0.000111315168078572 0.0013887846888932 0.00223857335373369 0.00279133974278837
"102206" 3.03393595861377e-06 0.000394913345370017 0.00129956751660833 6.06413368338977e-05
"102207" 3.63300965400538e-10 0.00512440504943085 0.000394076153514185 0.000286971877186653
"102239" 0.00126926936282314 8.16578458736567e-10 2.5157439132117e-05 8.9259885827009e-10
"102259" 0.000975489090632409 0.000368689703032314 7.24489424369351e-10 0.00366130424209802
"102281" 0.00210547406577387 1.73935360540584e-06 6.39642907347161e-10 0.00124247891861475
"102289" 0.000160780118269745 0.000458300603145646 0.00206520116654744 4.629089833498e-05
"401019" 1.84628276335359e-05 0.000789490880909552 0.000735472333116274 0.00150869563902823
"401037" 2.8310628226911e-10 1.58609025220807e-09 0.0015658098587814 8.70722747670158e-05
"401124" 3.64914762357906e-10 5.69854831882227e-10 0.00383501962745074 1.16303825021558e-06
"401582" 0.000167831889388449 0.00176307652572398 0.000236622919570053 0.000229984289697301
"401724" 0.000945513182931565 9.93217802440805e-10 0.00457194120256803 7.83099449824169e-09
"401727" 7.39044693348971e-10 1.32505819371367e-09 0.00668944254124345 2.32518998156331e-06
"401733" 0.000415414582274323 0.00378184835518161 0.000150463385781717 0.00430550763983739
"401797" 6.81760956923358e-06 5.61781121514689e-10 0.00402972403544055 2.94249393058623e-07
"401799" 2.16753015915748e-06 5.13114983137976e-10 0.00162611749904905 0.00587587499417945
"401869" 0.00461434629411645 0.0013011363578868 7.19330031358604e-07 8.756414009799e-10
"401884" 4.36790987645005e-06 0.00324708627702575 0.00394327375870353 9.01756213735699e-10
"600100" 4.04409911180479e-10 5.79511078618423e-10 0.00477447033984593 8.48966791551274e-10
"600109" 4.48301030392473e-10 0.000452893217042127 0.000460226890067161 0.00357573598583951
"600113" 2.7576433202519e-10 0.00381969267734068 0.000104560252451189 2.21568163928245e-08
"600260" 0.000109327519183307 0.00223229056584701 1.58661870114583e-09 0.000463566917176012
"601045" 0.00323368675665026 0.0033716283733118 4.75852378514732e-06 0.00294076367510213
"602025" 2.74723650256645e-10 0.00386238288498695 4.33798187349925e-10 8.23432838917359e-10
"602047" 2.10183282308462e-05 5.5501585998387e-10 0.000489282607887922 0.00472836533727768
"602154" 3.4939157996674e-10 7.57661640324465e-10 0.00238236365539635 0.000487417562088658
"100317" 0.000865093892114068 0.00207374838316545 2.79991148107198e-05 8.8766782889585e-10
"102098" 0.00190675634278722 0.000295949958819125 0.00106330251621347 0.00319854602532197
"102185" 0.00317655526464157 0.00173534417812011 5.54980526612223e-06 1.66167894821957e-09
"401867" 4.15509282183067e-10 0.00188935834696887 0.00432128704309272 0.000332189333916417
"600802" 1.17582100389249e-05 3.16105201413629e-05 0.00367759840573149 8.48407093607043e-06
"100262" 0.00366206876921907 0.000435407548514774 0.000125404016317365 1.85936006766994e-09
"100320" 0.00345971019776109 9.64299396841929e-10 4.76276414011712e-06 8.51510451534801e-10
"100437" 0.00379991832146341 3.62505128056955e-06 1.3970031088047e-09 7.55086070961206e-06
"100470" 0.00259917373290005 0.00122803805324651 0.000474652945650637 0.000883513409860876
"100506" 6.16719310318101e-10 0.00327612564521226 3.4372188780009e-05 9.32607767411476e-10
"100523" 0.00425309018692845 1.34348129171399e-08 7.56402290914353e-05 0.000289513495862118
"100618" 0.00563256848253895 2.01449105959373e-06 8.79868894422272e-06 0.000123610552648153
"100857" 0.00563044949864053 1.72647884703282e-05 3.67064839723936e-10 5.92884829497309e-06
"102020" 0.000236435593090837 0.0015228262501886 0.000158968310307792 0.0100787911994061
"102035" 0.00385980975707089 7.64685040999765e-05 6.95614056996814e-10 7.96068516184164e-10
"102118" 7.26239354625917e-06 8.80846060938178e-07 0.00424248098697718 1.07805715294284e-05
"102132" 1.92390297120577e-08 0.00712357889237512 0.000586544129264704 0.000121826815955554
"102133" 4.11011514023618e-05 1.14998604496935e-05 0.000134378356648396 0.0139352834783767
"102209" 2.7449335486971e-10 0.00212863217193328 0.00410548650064102 0.00157098379797742
"102255" 0.00256776417844524 8.540991329322e-05 3.59725134611241e-05 1.06206952218353e-09
"102269" 2.84125838926068e-10 0.00300620057286001 0.000286070312942258 9.0519353171728e-10
"102277" 5.66336736065108e-10 0.0005230163961087 0.000170004540448875 0.00297914424780628
"102285" 0.000106891818377556 1.0931041671379e-09 0.0011727897491376 0.00116456836027018
"102290" 4.08500140703073e-10 0.00120149068144387 4.53463589741655e-05 0.000894445278440765
"102292" 4.25152743973552e-05 3.46261649423975e-05 0.00219681629220873 2.24267711828962e-09
"102297" 1.17786470068304e-09 0.00149736590688479 3.63190253612527e-05 0.00113553372543266
"102315" 0.00227356734663077 5.22925582416167e-10 1.06603670505315e-09 7.8254133254829e-10
"102324" 0.000489090232533216 1.61498079148701e-05 0.00103163632473861 0.00176008911975655
"102326" 0.0016865682899618 0.000174775588374396 1.28605258621766e-08 8.45724779684382e-10
"102341" 3.15870448078193e-09 0.00267966125382403 9.78957947019041e-10 8.54377833467333e-06
"102352" 0.00188994051504495 3.96736749984361e-06 2.46066680921609e-09 0.00046556819891087
"102358" 0.000528291430226319 8.72865125882534e-07 0.00011707597798296 0.00630167706800967
"102362" 0.00247215261357415 1.42442392146434e-05 6.74591896789248e-06 1.42171567354513e-05
"102363" 0.00435816422642849 8.81984636154784e-07 1.45366245616534e-05 3.90723169117506e-05
"102380" 0.00371477818387646 0.000355509274482177 3.3175949712092e-05 0.00024504990112631
"102402" 0.00160640945503743 0.00196403519618533 3.06954145101946e-07 1.20935723203714e-09
"102415" 0.00260171429128481 1.11904330665177e-09 5.61069183666676e-08 1.51566255153042e-09
"102424" 0.00307313595619581 3.49658219430714e-06 3.92973387114255e-10 2.73467131978346e-06
"102425" 0.000632258797521861 0.00187560872986589 0.000129217516532573 0.00137850962307247
"102432" 0.00431517612688503 0.000144680060717668 4.7019809080851e-05 5.51160742491301e-05
"102461" 0.00370806713908391 0.000349461115297871 4.80595610835655e-10 1.04952961970793e-09
"102462" 0.00125822900029748 4.69345839239851e-09 0.00073875543534353 0.00326754261146822
"102463" 0.00204912493047748 0.000121877936504079 0.000126946884136195 0.0041337195203161
"102464" 0.00367138530794259 0.00042005902912612 1.86028065009362e-05 9.96533849495914e-10
"102472" 0.00323204986108838 0.000382669131339322 4.46492082809676e-06 6.88446926472232e-06
"200163" 3.24530458151387e-10 1.34633951739049e-09 0.000100141203493501 0.00683037627248258
"200164" 0.00365292904241487 5.16165840956919e-10 4.2189779807318e-10 8.76858782605313e-10
"200169" 0.00228703256748142 1.14751644257165e-08 1.87092681683803e-05 0.010756236091758
"200206" 0.000916417270275258 0.00159555613350139 0.000105471069869046 0.00371247516188808
"200213" 3.07715945270578e-10 0.000206704795928989 0.00322780484122468 0.00166998616252832
"200233" 0.00119936081617664 0.00123243430064716 0.000480971175941808 8.63767145746109e-05
"200260" 1.90820130882495e-06 9.42111950080999e-05 0.00206108313245768 1.53054055995595e-09
"200265" 0.00067199817518767 0.00149943782634426 4.42170704902101e-05 0.00213793715694607
"200276" 2.82631420586813e-10 0.00145990371624369 0.000466689060321044 0.00443277118831175
"200278" 5.99081488367493e-06 0.000695044066532627 0.00178962710669398 0.000235829743939581
"200318" 2.74165604104442e-10 4.49356900269199e-10 0.0017313929466758 0.00708262567251555
"200341" 2.92071642712993e-10 0.000131227085621128 3.61436391510631e-05 0.00719148927109195
"200344" 0.0038870849592312 0.000287922931731642 9.47149560853513e-05 0.000853383171489471
"200345" 0.00273523733654702 0.00126210336993885 0.000687934795359505 0.00106349989735169
"200346" 3.39036447942572e-10 8.78435597350883e-05 0.00155647180100103 0.006928112001594
"200351" 9.96224727826985e-05 0.00318911039931886 0.00013657042812335 0.00298132441387498
"200352" 2.82233598686582e-10 5.8560478777728e-10 0.000437867185071269 0.00610454333530998
"200362" 3.26041235194191e-10 0.00308226781391334 0.000150256906137386 0.00245984552380107
"200403" 0.000376008534846251 0.00235240010613945 0.000199542819181765 0.00150749743094622
"200411" 3.5876232187638e-06 0.00184194112174126 0.00301707838096736 7.71329013021369e-10
"200415" 2.82606927105002e-10 0.00237721088528747 2.39474741086888e-09 0.00129451903901791
"200450" 8.88295071410077e-10 2.5514814661428e-08 0.000456321218824732 0.00675804496110322
"200451" 3.96897492675617e-05 0.000124685752726229 0.000663190066951506 0.0036297387903013
"200453" 7.54744724328347e-10 1.35610484498437e-09 0.000446152584008891 0.00644724098317056
"200454" 2.74481490563836e-10 0.00154923650042104 0.000115786449878272 0.00293106031077577
"200457" 4.08046446813058e-06 2.33338406061899e-08 0.0034535943584063 2.42601292832392e-05
"400635" 4.33038420267537e-10 0.00030439406492814 0.000761533506036831 0.00242471315514767
"400663" 7.96349983235928e-05 0.00450764829610273 4.86450344257586e-05 6.31928707309824e-05
"400925" 0.00388673831432995 7.66962456464955e-10 1.42029701078325e-05 6.79874539853897e-05
"400978" 0.00215096360402737 0.00153566856296989 5.44837618805148e-05 1.11360650155841e-09
"400993" 0.00171783527719113 0.0020108254799413 0.000547598166203952 8.95829066805074e-10
"400999" 0.0018320355973792 0.000485309320312026 0.000124369110308404 0.00437539726019082
"401007" 0.00310249569023482 4.47943842500443e-05 3.30307362377916e-06 3.24606839626761e-09
"401012" 0.00309864235904666 2.43509335003721e-06 6.0880864023667e-10 7.90494662612229e-10
"401022" 0.000118868126504977 0.00609414769568317 9.04943072547718e-05 0.000123417491194768
"401030" 0.00473608895940746 5.01365800457688e-05 3.4872476795097e-09 0.000267236608832438
"401060" 0.000786631099252827 8.11015911464526e-10 5.70804238987277e-07 0.00581645460037315
"401070" 5.42076964375079e-10 3.83530354368931e-05 0.00033319469239503 0.00715922869758767
"401071" 3.3442912932336e-05 0.00272158723938694 0.000308078463905405 0.00156242324693243
"401074" 0.00129119372379708 0.00216097989185088 7.44946506808043e-05 1.69546602421553e-09
"401075" 2.88137677501383e-10 7.37964374071556e-10 0.00148563828952314 0.00239098154925809
"401084" 2.74909939126251e-10 6.11468499751747e-06 0.00313373864320474 1.0450326515852e-09
"401090" 0.00199703843604218 4.99990173785264e-10 6.58889642496578e-06 7.99101903642935e-10
"401117" 2.7985224091681e-10 0.000850003041689611 0.00346871568312038 2.54526112215944e-06
"401201" 2.8148349338978e-10 0.0106029994021464 0.000103031002197386 9.20497425067751e-10
"401544" 3.69614408515853e-10 0.000109713008534992 0.00281286257271834 1.69067100541928e-09
"401565" 1.58702128567436e-09 1.14817579464913e-07 0.00216713255918947 2.6151212126546e-06
"401574" 1.81244136169111e-05 0.00164762311214105 0.00366678631673189 8.92128520772131e-10
"401600" 0.00493505104322241 8.18393842279865e-05 6.55348447008922e-09 9.25392018149415e-10
"401634" 3.65165665780692e-05 0.00271343693102037 0.000415397400370873 9.1666051470432e-10
"401647" 2.76257832339153e-10 7.4359976857584e-10 0.00298897532335521 8.17585579713228e-06
"401694" 0.00222005018367285 7.08548666601597e-10 0.00257403298701667 0.000236913196263323
"401729" 0.00292204385383978 0.000574651519129179 7.51370489401823e-05 0.00160623534873324
"401763" 0.00153787406753814 0.000261064982629635 0.000253182101522698 0.00294749423058223
"401794" 4.06489580874574e-07 6.12845664771623e-05 0.00486057115509267 0.000363550099150398
"401808" 6.35520395501336e-10 0.00269213210900656 0.000903321744079202 1.1529832986095e-05
"401861" 0.00167515812872829 0.000143145042681808 0.000160522982391617 0.00226059172038693
"401868" 1.67264812755286e-06 0.000241577286165286 0.00479103421640712 1.533334578603e-09
"600038" 1.95045749248514e-06 0.00170473253963639 7.98353739271685e-10 1.29886414916679e-09
"600081" 2.10420433145245e-06 0.000455021412588733 0.000634691712892921 0.00072408629969646
"600104" 4.62622757430019e-10 0.00218232634968408 3.35573268592082e-10 8.03500005682566e-10
"600134" 2.38720132859468e-05 0.000641680860659751 1.11387744587853e-09 0.00233392300027985
"600227" 0.000122831236060947 0.000551502015329606 0.000712107081659235 0.00317356293937234
"600458" 0.000254736941243896 0.00508412425750207 2.13041417636423e-09 0.00270698414877718
"600672" 2.23218498299146e-05 0.00239920701580964 2.95503629852652e-09 1.90776127434013e-05
"600698" 0.00175964262100512 0.00271368889575899 0.000427704818777155 7.52467191534949e-05
"600711" 0.00102274368702157 0.00141677625458397 0.000121767627190603 0.00185308220483855
"600751" 0.0019114076556699 0.000700433336591799 2.91686428069345e-05 0.000447533399858388
"600752" 0.000474442850405465 0.00119272447493892 5.77433905840066e-10 9.19301268360098e-10
"600765" 0.0066150087196726 0.00189416840207496 8.5410022335879e-10 0.000194654207876366
"600767" 2.39698969187857e-05 0.00555837716053861 0.00022472213574567 0.000128029952865096
"600786" 2.74050378979181e-10 2.9826243042597e-08 0.00315417094089781 3.41364111234627e-05
"600792" 2.73984752463774e-10 6.79204396261871e-10 1.64505416992504e-05 0.00437393804885702
"600797" 1.86839196221383e-05 0.000165246100249766 7.55611715086792e-05 0.00433810992693008
"600799" 2.79672749137144e-10 0.00216968973802645 0.000860979556041982 8.27046493080339e-10
"600809" 7.68003522615852e-05 0.00315854763322786 9.8067508478832e-05 0.00122861494142778
"600823" 3.08459892389034e-10 1.26680932926904e-08 1.89182855827486e-09 0.0097479191068775
"600826" 3.53159747603066e-06 0.00238528194780873 0.000345364927806905 0.00466349642911623
"600830" 0.0032511718296294 4.51497702244319e-05 7.09916973928263e-05 9.43726306304681e-10
"600831" 2.93165421138299e-10 0.00222456499842451 4.9012387292161e-10 0.00187942413673511
"600846" 3.89764285108259e-10 0.00167611709667816 0.0014228224587804 0.000327273555665838
"600867" 5.06325636704858e-10 7.29692889771773e-06 0.00318373732505793 3.05582735646723e-09
"600881" 5.37667954526644e-10 0.00555408357126205 2.10210563206894e-09 8.82642364999465e-10
"600909" 0.00393418869137014 0.000912592711657674 0.000541040945025956 0.00214223814229015
"600915" 4.9720168635185e-10 0.00456851970373934 0.00115984321469378 0.000189562628201015
"600917" 4.403455180779e-10 0.00417882165182241 0.00242256271202003 0.000658768185024909
"600949" 1.54872471274046e-05 0.00580536575252671 0.000265259515436094 1.19947229308005e-09
"600953" 2.73898215029698e-05 0.00482902089701129 5.40441540498417e-08 0.00481391940416606
"600967" 2.97253066369138e-10 0.000808140078540862 0.00279576003522902 0.00498254221120561
"601017" 0.00521799242600685 0.000683799780230094 4.66054749158956e-05 0.000849774668892685
"601021" 7.39865745603792e-10 0.00818244270199509 1.06009860628917e-05 9.20136832926685e-05
"601044" 0.00406768790754119 5.39544131066791e-10 4.91381713178318e-10 2.74750800340711e-09
"601047" 5.1376802895911e-10 0.00262797171223945 0.00265658134173929 5.66174327361239e-06
"602305" 4.51890418766479e-05 2.94815830713396e-05 0.00240487878020364 7.58772200202025e-06
"602363" 5.26430513663307e-10 0.00593604501484855 0.00034921637793684 1.14639441569686e-09
"100298" 0.00392240437884197 0.000130359712714869 4.84323633178691e-06 1.16894088827106e-09
"100457" 0.00274837041309347 0.000244792915475568 1.12752965583809e-05 8.41581447843838e-10
"100505" 0.00331097781810724 6.87620584467248e-10 8.85234920683929e-05 1.13478698602967e-09
"100856" 0.00367642441840492 3.35087842141992e-06 5.34188754451019e-10 8.69392419302034e-10
"100894" 0.000146309498125894 0.000173822814154954 0.00030965120659563 0.00968572855743701
"102051" 0.00244304740096658 1.51421579509514e-06 7.87401600668108e-06 2.26680366721798e-09
"102124" 0.00373225873129313 4.00448542670348e-08 6.46113995471676e-06 1.06106131700664e-09
"102169" 0.00215779263502998 8.83366483894175e-10 4.67229490108784e-08 0.000612183704341452
"102226" 0.00315308657793756 1.63066858941826e-06 1.66831520052047e-06 4.00613812597698e-05
"102276" 0.00184817513374748 4.85170844616024e-05 5.35743332304284e-05 8.72313866613559e-05
"102291" 0.00203643026437495 6.72971687287292e-10 4.22626439133258e-10 7.63940297536906e-05
"102316" 0.00114724747523083 6.49307119351089e-10 1.05837400748302e-09 8.64649936987407e-10
"102320" 0.00238405464061883 0.000104150932207591 0.000549128504471194 2.76486221359805e-09
"102321" 0.00228002651454913 9.51763640031352e-05 4.14298987230179e-10 0.000362864605727556
"102357" 0.000689597619262247 0.000163509241474357 8.56465801710288e-10 0.00388196225774358
"102379" 0.00320867971868394 5.32307158400244e-10 3.34588686064258e-10 7.46702607539167e-10
"102406" 0.000961412291980712 2.32790227078217e-09 0.000320375128091136 0.00892962215788828
"102412" 0.00295183302441468 6.56176521645379e-10 3.74647935070871e-10 7.80051962297113e-10
"102423" 0.00337610560272072 5.70497725387173e-10 3.34270110992e-10 7.52426506616623e-10
"102434" 0.00294876304133638 3.94471638934192e-05 6.91543146781325e-09 0.000368642726312022
"102435" 0.00202163719027209 0.00192080131422753 2.27229643959265e-09 6.22655009845e-06
"102449" 0.00277938753191765 3.43483845383565e-06 1.25134907603359e-06 3.74315219177992e-05
"102456" 0.00159002075082326 0.000672794576373788 8.38446673530728e-05 3.62635437317226e-09
"102477" 0.00255009699972839 0.00058961592897445 8.9493462645485e-09 0.000129433668848302
"200127" 0.00820266347951676 0.000100844158349559 4.66353283616338e-10 1.66516144659106e-09
"200160" 0.00720659281367333 4.54441408399579e-05 0.00137254115019628 0.00195409895765955
"200161" 0.00686019928003409 8.37952773844984e-06 8.96625638903918e-05 0.00292962972934529
"200166" 0.00278282921972429 2.41676073396426e-05 5.85713848467374e-06 8.31445255311993e-10
"200201" 0.000190646190471235 0.00127997517161786 0.000655603335672902 0.000560344714740232
"200209" 0.00319404275296254 4.43727432974051e-10 0.00042201609497728 0.000103095745532952
"200210" 0.000217330534967952 5.69179075875356e-10 0.000158249271583022 0.00637463749421576
"200212" 0.00338027709428221 0.000755961497102167 3.13747013011641e-05 0.000194907144896869
"200216" 0.00191821101809527 0.000205039986704942 1.77696014060496e-05 0.00153981490593397
"200218" 0.000538272563034592 0.000106913446501828 3.36902726937661e-05 0.00209546909231945
"200221" 0.00364318691678206 5.4303938671641e-10 2.49950755776871e-06 5.25427520789074e-06
"200272" 2.77348204183848e-10 7.04539188385389e-10 1.83118539613635e-06 0.00508189403384892
"200273" 7.80942321448445e-10 0.000735866418117421 4.31189457681041e-10 0.0033843999997559
"200285" 0.000854274670022698 0.0024049872118242 0.000207215287955867 0.000154019151690434
"200320" 0.00301981670641333 0.000211856628958796 0.000153995238136137 9.83390429207268e-10
"200334" 3.23286324552489e-09 0.00502844529605833 5.55827104334781e-05 0.00186442148438091
"200335" 3.08339027876841e-10 9.88018051321962e-10 0.000167537335461112 0.00877740714517145
"200337" 0.00355005746271733 0.000730376171276958 5.8394521576173e-05 8.0778510590414e-05
"200339" 0.00389536838608745 0.000374486398659025 1.4889176875656e-05 2.66796621843769e-06
"200340" 2.93791292149752e-10 0.00169051815582064 1.24771170050616e-09 0.00459599815882645
"200353" 0.00127628090295986 5.1778188643298e-10 2.04218835993236e-06 0.000210892599393518
"200400" 0.00291713344446506 0.000181169108219892 9.03440007902487e-05 8.20569758571432e-10
"200416" 4.84108932407121e-10 0.000275558880037962 0.000928299439525398 0.00261836129946603
"200417" 0.00324292440772385 2.57609306187349e-09 4.86625306098254e-10 9.04839943613657e-10
"400555" 0.00645555860529832 0.000210792772175697 4.39293693656934e-10 2.66221573198249e-06
"400632" 0.00318469947878628 5.48971699919832e-05 9.20541628594102e-06 7.95933413619919e-05
"400641" 0.00296249073729936 5.61457214424532e-05 5.00503884005536e-05 1.37931615318034e-09
"400878" 0.00416680513918648 7.15732973516916e-10 1.84630715143312e-05 9.73928504888496e-06
"400882" 7.11930486524007e-10 0.00236428802358975 3.35901634414215e-05 8.49060571004306e-10
"400964" 2.8047619146735e-10 0.00225937804939006 9.22669244873085e-05 8.16840560882533e-05
"400974" 0.00195996320565259 0.000141933536220605 2.18936236743629e-05 0.00179686929848842
"401008" 0.00378972113160942 7.17150984452581e-10 1.99158336626571e-05 1.70718073953775e-09
"401032" 0.00465663618052301 5.56485206406373e-10 1.27150924687575e-05 0.000113296270582735
"401061" 4.21938788343134e-10 0.0052441359659174 5.31389224407917e-05 7.91511440363821e-10
"401064" 0.00184906153053237 0.00254972982090005 0.00022960613281921 0.000147731132930034
"401065" 0.00398873178279204 1.05312441071322e-09 4.60631308297651e-10 8.29912293820975e-10
"401077" 0.00245336012881548 1.07505551908648e-09 3.49006161408013e-10 8.98434618261951e-10
"401096" 0.00225506615188088 4.50658857598529e-06 4.18570743258657e-10 0.000127032044377995
"401106" 0.00320496373117608 0.000176115532615129 0.000191186737529328 2.47157389954588e-05
"401116" 0.00284585052619844 1.14604905161955e-09 1.08941938880171e-05 7.90152319273956e-10
"401120" 0.00325775672493359 1.78725388602836e-05 6.12155515721652e-10 1.04285862949239e-05
"401125" 0.00403249057902743 1.32336994877956e-09 5.1263374557911e-10 9.07727685809666e-10
"401147" 0.00312186389629082 6.4961056854123e-10 2.59791694783321e-06 2.56891197872011e-06
"401236" 0.00290369528318896 0.000351374404002479 0.000682192438561923 8.27571047276834e-10
"401520" 0.00244485884612734 2.60471435849082e-09 0.000113277345567967 5.32093595573529e-05
"401553" 0.00238902601543008 0.000290157886270526 8.48911367730483e-05 9.18665391011796e-10
"401593" 0.0051978136887553 5.13257409018865e-10 3.53387298070102e-10 7.528213963824e-10
"401638" 3.10315153417954e-10 0.000219952585671454 0.0034565763197359 7.88728856370197e-05
"401659" 0.00115193105488503 9.04058519514209e-05 1.7342270619981e-05 1.44519592365525e-09
"401725" 0.00427737029500202 4.53805757290936e-10 4.95113710632059e-10 6.51038849633658e-06
"401732" 0.00490777148465585 1.57588912190195e-05 0.000136695000710417 7.93338134715019e-10
"401743" 0.00235223017759341 3.42743883888177e-05 3.09895036884154e-05 9.35921121092868e-10
"401858" 0.00022782244591638 0.00385173149569748 0.0010117889015607 0.000166209990537775
"600011" 8.95360775033349e-10 0.00147212006666063 3.71617037797106e-05 0.00126574175012659
"600028" 6.84400882109794e-05 0.00269486721951473 8.79831622346340e-10 9.98208319335855e-10
"600132" 2.83663624260917e-10 0.000105423850282125 6.92598946988855e-05 0.00314780648851422
"600621" 2.77314447490549e-10 0.00041866737530149 4.72090599283541e-05 0.00441898822961662
"600654" 0.00523899330655876 0.000408687671533995 3.70376163055036e-05 1.90223107577007e-09
"600783" 2.82659888898707e-10 0.00161456060222066 0.000469148894616365 0.00419473445399373
"600955" 8.96428118009419e-10 0.00159604167347441 0.00158997283951789 0.00379511913814859
"602055" 0.00250161208280609 7.38689089920471e-10 1.23321102885573e-05 0.000135285252837086
"102157" 3.83679284929165e-10 5.06008218544656e-10 0.000273073260648318 0.00999802536728428
"102180" 0.000612719157566926 0.000258704798580445 0.000462812199108274 0.00345478123739313
"401568" 0.000562571331729608 0.000668595288865088 0.00139549475869831 9.88446855915338e-10
"401632" 2.87771548417817e-10 3.63443105707124e-06 0.00267956615519211 1.01364014507266e-09
"600638" 2.27080352495681e-05 0.00518095464100774 0.000257753691613188 1.96515638978196e-05
"600763" 0.00725805476374209 0.000724523212110238 0.00201185983849524 0.000150924364307813
"600956" 0.00385128584477726 5.97010277907147e-10 8.66610759943791e-06 7.87462692116932e-10
"100267" 0.00379808640325242 0.000555330295958237 3.27271793141054e-05 0.000761104819641451
"100293" 2.86039319489605e-10 0.00232400786332676 0.00146994559137862 2.71431375530908e-09
"102248" 0.00346743040564421 4.00393881137955e-06 4.91891855491442e-06 8.0267850370084e-10
"102261" 3.46490002104326e-10 0.00385330561760788 5.23701748735898e-05 8.42821712118684e-10
"102404" 0.00357956651136053 4.10073208123297e-05 2.00840808457271e-05 0.00270844874823987
"102491" 0.00104232127108652 0.0012903281074631 3.12077496094843e-09 0.000169014390549833
"200138" 3.1102868450491e-10 1.27952209262632e-05 0.00209677344460068 1.28697465167099e-05
"200200" 4.33838689966129e-10 0.000216951733281184 0.00364349073255424 4.73344877923236e-06
"200294" 8.56228688623286e-10 1.08092877894411e-07 0.00393503151247529 7.75307004127989e-10
"200348" 2.89839479242039e-10 3.92503983474903e-06 0.00499498619075462 9.66692337070154e-06
"400633" 4.08077241199486e-10 5.78521228868789e-10 0.00313850229422578 1.7874477016012e-05
"400967" 0.000771323439785518 0.00178724364578709 0.00010830772839159 8.64522401336471e-10
"400977" 1.77095862893027e-09 0.00209153006368994 0.000383630530029117 1.39834466350778e-09
"401024" 2.92983864534935e-05 3.43577439876992e-05 0.0035185512704416 3.572816240058e-06
"401144" 0.00280639416950512 5.28236029547633e-07 0.000300459212657679 8.53694366986497e-10
"401420" 3.85419400106656e-05 0.00310669729991046 6.89335526195977e-05 2.46722018725253e-08
"401559" 8.62840775539936e-10 0.000637582503808011 0.0013256636059885 7.98018710426007e-10
"401759" 0.00166509298773997 5.24025185797029e-05 4.12636687286234e-05 1.03313813106473e-09
"600341" 3.13920574984995e-05 0.00685256957148615 0.000155816662995702 0.0001299434341372
"600684" 8.20742925501675e-07 0.00629913730116529 0.000426477975155808 3.15266516192717e-09
"600744" 7.256405280546e-10 0.000917658763784781 0.00144331294580354 8.08930316486344e-10
"600811" 8.87378174969023e-06 0.000104735274071838 0.00425275154213292 1.85988087452261e-05
"600835" 0.00203193916262403 0.000119933081375964 6.75759683475532e-05 1.07331974309401e-05
"600876" 0.00254429195855429 0.000307594143021507 1.20579957813851e-05 9.37664387584161e-06
"601059" 2.74689027950215e-10 3.40002938999149e-06 0.00373328514235833 8.56960407507503e-10
"602054" 0.00424641408496271 0.000426133089706561 6.10380303108254e-05 0.00102347761226704
"602220" 3.531023468719e-10 3.24513683862687e-06 0.00456234149696332 8.26605804178813e-10
"100353" 0.00444189890935424 7.87346060271602e-05 4.32039914624543e-05 1.06657218698479e-05
"100552" 1.75887100510351e-05 0.000283241639696237 0.0001496068635449 0.0075701296617003
"102270" 0.000111777404174944 0.00206405251141213 0.000297234188881907 8.74662581378067e-10
"102317" 0.00220314075482588 1.65612064669311e-05 3.0584979977821e-06 4.39340231532563e-08
"102329" 0.000203757343436747 1.54070903710845e-09 6.34275346336264e-05 0.00401376568910851
"102448" 0.00466230206255615 0.000118502631763562 5.13717150235014e-10 3.88269039670227e-06
"200181" 0.00157158927648775 0.000943523584694186 0.000110151456063479 0.000698035562157723
"200452" 0.00135382311549195 5.31716259436359e-10 3.45982790662377e-06 0.00140986498743601
"401000" 3.64331618106573e-10 0.00369200197832596 0.000212351964315734 1.54102138189381e-06
"401021" 0.00121669167571131 8.04323759049943e-10 3.59918455794835e-10 7.95199712065348e-10
"401081" 0.00398300551608205 8.76429344035296e-08 8.2152404309108e-05 1.87966097956268e-09
"401086" 6.35157037618222e-07 0.000903895786171341 0.00180796067891816 0.00171754152045192
"601007" 0.00314287518181984 0.00373160147353644 6.59967485054428e-09 2.32182544460289e-09
"100476" 3.05714816591154e-10 0.00273388159272125 0.00103586792228497 0.00902745691600378
"100510" 3.36339830690593e-10 0.00208147823784387 0.000413447803969573 0.00377947605024104
"100513" 0.00273813253530204 0.000608242002989748 0.000542428535727012 0.000442307028862205
"100515" 0.000264035709134751 0.000292542285618004 0.00341124744932552 7.77157931634854e-10
"100537" 6.92524481222451e-10 1.10747321349566e-07 0.00444442985881241 9.29349015502797e-10
"100704" 2.93673227106364e-10 5.40044549892374e-10 0.00643593541015948 4.00921931769455e-05
"100852" 0.000130199057794275 0.00446597429324189 0.00148132401092888 0.000444078518051984
"100855" 0.00501393008851352 0.000124391981798594 4.20329358262031e-05 3.16669092618635e-05
"102017" 2.88841328158229e-07 9.67585140734028e-10 0.000585227591281941 0.00845679533994811
"102158" 0.000508883085496438 0.00926279879935401 1.18882929346625e-07 1.89402934223888e-05
"102235" 0.00216106319775092 7.9378561518314e-10 1.53588053099049e-05 8.53469641350937e-10
"102260" 9.6220335614024e-05 0.00208932628102152 3.7229843393454e-10 5.23041744296703e-05
"102265" 6.76575403653843e-05 0.000840451333305509 0.00273881166054328 8.05016926856927e-05
"102295" 0.000219829408222597 0.00116721527155419 0.000494552249744383 9.31135522381842e-10
"102349" 0.00258861338043131 5.21481694575108e-05 1.67812429134576e-09 1.47307763113707e-09
"102385" 1.31988597597555e-09 0.0029509499969977 0.00305644933346484 1.33038293727964e-08
"102429" 0.000683805411757076 2.92117675732116e-05 0.00286068698728847 1.05025008783386e-05
"102430" 0.000113951372206537 0.00270811094502906 0.000291793021329115 0.0018290586243344
"102453" 4.61119928921605e-06 6.09511752647897e-10 0.00523735710792033 0.000404474005574078
"102469" 0.00269048552859396 6.14522531710383e-05 5.47774771958223e-06 8.77683645015062e-05
"200142" 7.28157668786811e-10 1.94196727083549e-05 0.00435729857387243 3.78362616790378e-05
"200185" 2.92017129790088e-10 0.00236343805352643 0.000650177885841913 8.71263805766796e-10
"200309" 4.32026217157419e-10 2.12906085947099e-05 0.00531311072710132 5.32810903764692e-05
"200327" 2.73738301311334e-10 7.30594814738948e-10 0.00708182235738161 7.71877902329618e-10
"200349" 0.000521086388625999 1.58362838555512e-09 0.00372256459997745 2.73040077391735e-05
"400877" 2.97080742336387e-10 2.30299526956975e-05 0.00342013884032078 9.06866585215254e-10
"400879" 1.64157409905641e-09 0.000383146369259934 0.00345011195923727 0.000107852925829128
"400979" 0.00144434281726732 6.4163580434943e-05 2.18205037548888e-05 0.00137180415459059
"401004" 0.000404516531274746 0.00158521371945967 0.00163781056936998 0.00102988648354143
"401016" 0.00208828487704714 0.00160984309735161 5.73482128365007e-10 8.36560398130226e-10
"401033" 0.00186976697853784 2.8457858552965e-05 0.000254623208656136 9.23501762741839e-10
"401068" 0.00240540806813864 2.4965576309784e-05 4.01416145556132e-05 0.00228962632493841
"401069" 2.80288039313932e-10 0.0021561564062538 5.55432074997132e-05 1.04447687188218e-09
"401131" 0.000913795597176277 0.000480683627864082 0.00243381475153057 6.41379490170226e-09
"401138" 3.02739709706214e-07 0.0037178733523132 0.00120976018508122 9.08579459116535e-10
"401649" 1.95311965564366e-05 0.000450546181526189 0.00116119773781995 2.0109482427349e-09
"401853" 2.92400185328541e-10 0.00370740143611575 0.000306139319522721 5.92413992979544e-08
"401864" 3.66533499058023e-05 0.00510801659257616 0.000501385176281463 7.04036598352292e-06
"600025" 1.16366891400423e-05 0.00149327312003979 3.71238765226231e-05 9.83161027148924e-10
"600035" 2.76190067377945e-10 0.00611484181348102 8.66299211086981e-05 8.49083475438793e-10
"600620" 0.00326090871092181 0.00278894816411422 8.49997268692703e-05 8.53463916934695e-10
"600718" 0.0041443671146425 6.10404938704752e-05 2.94935959974957e-05 2.01639903395397e-05
"600761" 5.89724812705776e-05 0.000290058821132489 0.00873132096899187 8.46672799191873e-10
"600775" 2.75841666172114e-10 0.00589601043306013 0.00118567414483074 9.28541012290565e-10
"600785" 2.90133906369009e-10 0.0024900417340577 0.000306376972947876 8.13612527117697e-10
"600788" 2.78462919813064e-10 0.00593137106885912 0.00132774067539448 7.59683683007053e-10
"600794" 2.77602268956188e-10 3.42032198423976e-08 0.00214292792697275 9.36322409406963e-10
"600795" 9.87756399565325e-07 0.00298270967848787 2.24356274622769e-07 7.43888324327278e-10
"600796" 6.9384485694726e-06 0.00413114571702989 8.11549314038325e-05 1.25741121160223e-09
"600807" 3.22418747959019e-10 4.42486771044759e-06 0.00889593662422359 1.84571106468879e-09
"600833" 3.37841724748238e-10 1.04087255995716e-09 0.00297067968353285 1.10054206751934e-07
"600847" 3.18473877275788e-10 0.00349056311345595 0.0015819154899597 9.49015933495315e-10
"601012" 2.78838277847606e-10 0.00251916823045746 0.000866028857719517 6.53030436064205e-06
"601036" 0.000310187667327703 0.00711611251574575 5.33721137465041e-10 9.9600717429541e-10
"100259" 0.00356348778052488 0.000625675146973126 0.00011374102855402 3.24889158088824e-08
"100547" 4.10095451561726e-10 4.88874515047853e-06 0.00462586711623054 9.28270282849298e-10
"100601" 0.0037779378256322 0.000779378580117787 0.000110365624174598 6.03445221260447e-05
"100750" 3.50038189206682e-10 0.00145117280434073 0.00225550464645372 9.65473393073403e-10
"102360" 0.00419576577126742 5.43960972910031e-05 8.73032586849835e-10 1.40098432794926e-09
"200134" 0.00325865516860442 0.00243615970720723 0.00233185547427722 2.00495410695963e-05
"200136" 0.000474156235736785 3.66221269837846e-05 0.00286591956798994 7.80514906391195e-05
"200249" 4.61242975055011e-10 1.0197561537464e-05 0.00320921717801246 9.35410180211768e-10
"200286" 3.85544674168006e-05 0.0026251539571839 7.99604284805095e-05 2.07757904464266e-05
"200322" 0.00065947114596241 0.00510096095354685 5.56321180080815e-10 1.02166882315536e-09
"200435" 3.30059024608941e-10 0.000658129079948371 0.00118120755102968 0.00146739661627089
"401103" 0.00213789135974471 0.00140320306411518 0.000524060964938091 0.00040144146783113
"401528" 0.00123569365501629 4.51682477496889e-05 4.11967330988121e-10 1.22406419007317e-09
"401573" 2.75434428208746e-10 0.00269118419587399 0.00139445484100916 8.21986405917798e-10
"600646" 5.05078081957047e-06 0.0094050168893743 6.37744190938764e-05 2.89405790579593e-05
"600854" 0.00215000324847187 5.57584274832377e-05 0.000450141650921 0.000168468459041507
"600879" 0.000141579722438896 0.00326770198898929 0.00177132402907548 0.000407794217832772
"600891" 0.000494121292952581 0.00170654241677705 0.00348404597841981 1.05342616698751e-09
"602377" 0.00108505608323042 0.0015789301970836 0.000154031431233244 8.27299130890019e-05
"401380" 0.000262986446611577 0.00356580833684947 3.15572358038213e-05 1.03891617336905e-09
"601039" 3.88994706745223e-07 0.00405987122035493 0.001209131894272 3.88580828834569e-06
"100462" 0.000134922538162045 0.00346367829198269 0.000161352239073054 0.000662633247201889
"102263" 0.00244849617393607 3.24506554413046e-06 4.45325600615682e-10 2.23284220315405e-06
"102479" 6.16508425954435e-06 7.70677393414406e-05 0.00464292558383463 1.06135720948545e-05
"200215" 0.000177598307983694 0.00105149114370268 0.000179100414666739 0.00260691349086961
"200343" 0.00103761327660032 0.00295613334793167 0.000676984533831057 0.00061298977172351
"200413" 5.81228990923888e-06 0.000233019444452791 0.000946728830897163 0.00382976911805033
"200459" 0.00141101206580771 0.000416127871962857 2.11353278365855e-06 5.2301574800821e-06
"400655" 0.00408643719382149 5.89360604527155e-10 1.42304439560991e-05 8.07515342168856e-10
"401036" 0.000990543061530328 3.03769622111904e-05 0.00175835074684836 4.3067137311144e-05
"401094" 0.00228875366868685 0.000242104837429617 1.47489554602534e-05 1.52518019936574e-09
"401123" 3.62860383649186e-10 0.00630466543187732 4.53161365339928e-10 1.87718705883235e-05
"401558" 8.01195382370313e-10 0.000200124694483267 0.00192134525377522 4.93384607686685e-06
"600818" 0.00239687423791187 0.000286454992534343 0.000219512980511133 0.00142539099308117
"601052" 2.06306913389057e-09 0.00141359052034846 0.000115624807018046 0.00407969920429974
"601055" 3.56548652130084e-10 0.0056630851969821 0.000265900534913034 8.72040473605887e-06
"102333" 2.85564221585192e-10 0.00238082494829573 0.000585411465747533 7.63075966521382e-10
"102345" 0.00102501771922816 1.36359829737693e-05 8.13949229517706e-07 1.11547147364393e-05
"102421" 0.00474671407642726 0.000244282404256862 0.000153757648792011 0.00016549052287837
"102438" 0.00231895052929351 0.0026475482023841 0.00013283947069157 8.20418027691011e-10
"102493" 0.00309029661123302 4.22081574476519e-05 2.13354316402326e-05 0.00117314851631381
"200162" 0.00425794546642759 4.70315237776137e-10 3.69431528280406e-10 9.00346428615914e-10
"200446" 6.06652150876639e-10 4.63990167848163e-10 0.00234342291802316 0.000367928090491816
"400976" 0.000207395327417084 1.58238044615811e-06 0.00443639611350521 0.000153669340411771
"401132" 0.00222219803519795 5.10601919395091e-10 1.04413175986208e-09 8.45966409300405e-10
"401865" 1.04024189614988e-07 0.00317177507428503 0.000441392042877724 1.0056141598044e-09
