"1" "2" "3" "4" "5"
"100361" 2.14283742884014e-06 0.00344484053735016 8.39910757669391e-10 6.54773165800217e-05 4.15799310241374e-05
"100887" 0.000300452434525166 0.00591041415657665 4.99433308764902e-06 2.24181879850425e-09 1.15753809675893e-05
"102029" 0.000457268862398662 0.00638175520444062 0.000987810169776486 1.23055552697211e-09 5.32530874139131e-05
"102173" 0.0038221936155914 7.29689843865583e-06 2.99299735434598e-05 3.58922082791735e-10 1.03659700554949e-09
"102282" 2.39153354032304e-10 5.30849684601419e-10 0.00363222452408936 8.11636180745935e-05 7.5364002087905e-10
"102350" 0.00094870076066298 1.29324468738186e-09 5.07173104455132e-05 3.75438221715075e-10 1.18315469859305e-09
"102370" 0.000350079241669478 0.00233031588689608 0.00110720254848377 9.03710417997522e-10 9.74471340596769e-10
"102371" 0.00354613558979898 0.000290068493524867 5.09272900315803e-06 1.65288509492473e-09 7.45533623457581e-10
"102397" 1.57404290577487e-05 6.51705029358683e-10 0.00540444585536717 0.000418812660374733 0.00482307658498214
"102445" 0.000573024025873494 0.00616542227462739 7.33740581484787e-10 3.57563827784412e-10 7.61762227494613e-10
"102466" 0.00177342004198791 0.000140807506433127 0.00229282775823893 0.000316130669603031 1.3054898157198e-09
"102503" 0.00401621898679283 1.00970329065592e-07 0.000400805491773272 5.5155683261702e-10 7.0557325616065e-08
"200069" 1.64977510023484e-08 0.0126633752895918 0.000138568230528735 0.0010729113101126 8.47798845570785e-10
"200108" 0.000799857928364603 0.00235755891649907 0.00381416602231922 5.64556097869682e-10 0.01375699920415
"200174" 0.0021888033363909 0.00412780862072322 1.23580287369808e-09 5.92804030764531e-05 1.61498043615225e-05
"200195" 6.20882153516152e-05 0.00430697854068824 5.4469736194804e-10 0.000104726996668969 9.32537118230318e-06
"200246" 2.81203178900077e-10 5.40440513778983e-06 5.49392139403002e-06 2.79489625902448e-05 0.00942917730517812
"200291" 2.35730842472985e-10 5.03459162359137e-10 0.000423411528783974 0.00206969892793304 0.000434228836196796
"200293" 5.77388866452594e-05 5.40426828246151e-10 0.00234374282995286 0.000198946825414074 0.00384693675130716
"200305" 0.00188401927111112 4.80395135808458e-10 3.13353786375779e-05 0.000425303347099705 2.63898402504188e-09
"200311" 0.00177214496348995 0.000423008539389991 0.000255573216072112 0.000202755879959384 0.000299483407962475
"200314" 2.33330121371947e-10 6.17614815220918e-10 1.08214720387381e-09 0.00812891100126397 0.000119267769133754
"200325" 2.32484263235258e-10 3.74096600127735e-05 7.1043441792026e-10 0.00658724424992977 1.18623349152134e-09
"200329" 0.000250670512602987 5.13826184202326e-10 0.00677062902610045 0.000257487979481609 0.00214022188237464
"200366" 2.93481564733898e-10 0.00160557970856951 0.00299745021025226 3.68387733634212e-09 0.000611836550439633
"200369" 2.32226262635681e-10 4.71234411510375e-10 1.28868250248621e-09 0.0060676646679822 0.000766689189616825
"200390" 0.000198060756246035 5.64688416959763e-10 5.77639118601267e-05 0.000813333398904122 0.00217190002397889
"200392" 0.00201486477333516 5.25761396080006e-10 2.57076788425824e-09 0.00650399902251211 1.44438759841699e-05
"400562" 0.000570045610056169 0.00423485510687484 5.99645929006892e-10 0.000107849725289245 0.000489778511407232
"400628" 0.000214129808827111 0.00221885852358911 0.00132045570494368 0.00128142680178952 1.83269349324704e-09
"401005" 0.00318087198765452 2.5900993983691e-05 1.62963527706474e-05 0.00146381497107038 6.92856769188492e-10
"401009" 0.000541817588492579 0.0047749112077832 9.52074376541961e-10 3.87900144302325e-05 7.42834746325159e-10
"401010" 0.000980562006116004 9.28080254390984e-06 0.00303855497200014 0.000809330765195564 7.81609582939332e-10
"401013" 2.4212665525261e-10 0.00138853014573776 6.96818469720308e-09 0.000263696347817215 0.00686843044050706
"401063" 2.00265445375284e-06 1.08623115457462e-05 0.00013368724826794 0.0026004776126273 1.37848897159139e-09
"401113" 0.000344614532674503 0.000669105714419773 0.000244311303335078 0.00216239257529403 1.0271421371922e-05
"401122" 0.00118407858847868 0.00187917351011799 2.31946214488291e-09 0.000133807947509101 8.82493870566032e-10
"401126" 0.00382299499138047 7.33478850837055e-05 2.59335260094194e-05 2.51437091995256e-05 2.38048711237308e-09
"401233" 0.00314584635027098 0.000345784904238607 1.66522080614715e-06 1.54877725559047e-05 8.72353207232679e-10
"401513" 0.000148965377569314 0.000139880669025536 0.00218738831360729 0.00121406212376942 4.4845388074581e-06
"401577" 2.32082833576806e-10 4.63982314977995e-10 8.61855054482816e-10 0.00273124626598372 6.58686103493481e-10
"401592" 0.00488745536223979 1.30329865246349e-05 5.63839656382397e-10 3.3574873229334e-06 6.97620768824677e-10
"401601" 0.00574771130199784 1.15599149370855e-09 2.4520208936055e-06 3.46576903991605e-10 7.2203106164633e-10
"401603" 0.00269330396595009 0.000111705115354614 6.54799533551831e-10 1.09082345093449e-06 7.29749463251192e-10
"401658" 0.000464248470391253 0.000533783465250385 8.13759291924791e-05 0.00287585717055005 1.70022606014771e-09
"401682" 2.46418937142819e-10 0.00355321466807752 0.00600379099528095 0.000258625968768254 7.98824009927817e-10
"401693" 2.33292537985327e-10 4.84063579554376e-10 5.01095889573504e-05 0.00170642689372294 9.08783390116262e-10
"401705" 0.00446014445300463 1.51342599575031e-06 1.83186973063813e-09 1.11307730233732e-05 8.2660914047845e-10
"401754" 0.000350482013973493 0.00216950866902991 8.80950452119186e-08 0.005711356683181 6.88798237638116e-10
"401757" 0.00497922940075071 7.2937714388479e-05 2.92042966440253e-09 0.00021536418123299 5.68636572851659e-06
"600112" 2.41731057919083e-10 4.73661449480824e-10 0.00289716652979562 9.94008430273263e-05 7.76108131687197e-10
"600216" 2.42146499054698e-10 5.60359017840327e-10 0.00762468779556123 0.000125109428301341 7.04504570565323e-10
"600656" 8.9974573180802e-07 0.00171249740904147 0.000469843231448768 0.000399947770893427 1.27504996750901e-05
"600683" 3.1546227851e-10 7.73436277195296e-09 0.0133381363344909 0.00401724742209711 8.85340966897964e-10
"600690" 2.32061042396556e-10 1.72614710532159e-09 0.00894545632398688 8.82909686130028e-10 6.82532343811444e-10
"600710" 0.000405468864373465 0.0100378939042182 3.25024881406397e-05 0.00247071104826537 8.60570077611396e-10
"600987" 2.49117244638933e-10 1.44141263343328e-09 0.00604191267804595 7.56876673276198e-05 8.44420982064348e-10
"602062" 2.31973486104802e-10 4.66076223072427e-10 6.80290735974364e-10 0.00305121720631324 0.00140607918382241
"602129" 1.43582637738075e-05 9.27200072028307e-10 5.75679954828453e-10 0.0047366651243756 6.70442459415494e-10
"602175" 4.42504723905849e-05 0.000151757689565979 0.00114290508412694 0.00158019699133605 1.27893433864717e-05
"100291" 0.000375063962017734 0.00549737370811347 0.000605429319559174 1.71182594001738e-09 8.93375963958943e-10
"100292" 0.00269293020308851 2.31907423250094e-09 1.24406300935032e-05 1.25385251880726e-07 7.34477972111575e-10
"100294" 0.00394605069592364 1.02419510539384e-08 4.2979828201299e-06 2.48652250742728e-05 1.09585117442461e-05
"100303" 0.00162111748846884 0.00103281454864202 3.60941848214697e-05 1.10891384049287e-05 1.11827087990894e-05
"100356" 3.75105621444644e-09 0.00618798591725619 0.000950946795690926 0.000112879484392026 7.5558533704822e-06
"100365" 0.0016213862297395 0.00729956717848817 9.90004743937732e-07 3.42285412762497e-05 0.000337398758139024
"100489" 0.001035185763646 0.00206175752725495 0.00889813398552924 0.000173227383125302 0.000137720182492673
"100545" 0.00211986517873846 0.00482232709425575 6.58526430361778e-10 9.38373969840807e-06 0.00183450341641811
"100562" 0.00159521433709152 8.59882758190276e-10 8.22844764753865e-10 0.0010061793394463 0.00181494440435805
"100567" 8.50974128378065e-07 6.60458283934354e-10 8.37378594543932e-10 0.00424425749233243 9.00835157074472e-10
"102025" 7.79712093768801e-10 8.77203103377016e-06 0.000360433070631956 0.00261812781394415 0.0132752761953128
"102033" 0.00210927543424013 0.0018662738534437 0.000153672175008399 9.192899418787e-06 0.000385961061321971
"102037" 0.00470527693542314 1.19362845035074e-09 6.22999006721088e-05 6.86045634721976e-06 0.00313477470699378
"102225" 0.00268364930201674 9.86287414626012e-10 7.18420647829993e-10 6.02710442873782e-06 2.00493820235273e-09
"102238" 0.00163711461624011 0.000174950266968357 7.40696155430689e-10 3.82366496763866e-10 6.89451503138931e-10
"102243" 0.0012228137359472 2.00771391289135e-05 5.90757146522848e-10 2.91359725274297e-06 6.8738454517401e-10
"102271" 0.00262402980354371 3.02130884788259e-05 5.35390325711304e-05 2.72083406213418e-06 7.8231967446597e-05
"102314" 0.00217943458170177 2.70424652239548e-06 2.22955505747594e-05 2.13565873795149e-06 4.05371575229104e-05
"102318" 0.00123678925026895 5.73813103481354e-05 8.53530523143754e-10 1.04900690517084e-05 0.00176843626588994
"102323" 0.00227197022219858 2.17620251653948e-05 2.71309747618299e-05 2.84843185443343e-06 1.28964729528402e-05
"102331" 0.00225150095155995 0.000177735344685271 1.40791597334362e-09 6.85580855340796e-06 9.80972327526162e-10
"102332" 2.61461573491389e-10 0.000323373230667485 0.00440503636715763 9.02450991005906e-05 9.22617433488968e-05
"102361" 0.00426853263249937 0.000360499553511817 4.84006747465283e-09 3.56913018749541e-05 0.000190995912152036
"102364" 3.20970762162496e-09 0.000129429678777948 0.0004826416241182 6.32542532315341e-10 0.0054930676871882
"102372" 0.00158355838946776 0.00390519556588391 6.59757163620319e-05 4.13119007578994e-10 6.47016373936637e-05
"102382" 8.90230647250291e-05 0.00311919073052354 5.39055940340775e-10 8.30858478719487e-06 0.00237791163485464
"102405" 0.00260170456595024 0.000798196195271421 2.02434339142522e-05 5.54793496918475e-10 0.000302609313579893
"102416" 0.00380039819358406 9.73608076805089e-10 1.72088155368675e-09 3.63285410843257e-10 1.72530007689478e-05
"102447" 0.00213312617135373 0.000471334989364983 0.000549442089539469 5.79643949945607e-10 4.65869158927214e-06
"102474" 0.0034096606601056 8.14747299061207e-05 0.000237924716849083 1.19311166456753e-05 0.000214868312812732
"102475" 0.00300686553027312 2.06520217585735e-09 1.01952289250176e-09 1.63423033408425e-05 0.00126775523371206
"102480" 1.24150381735249e-05 0.0011115737181565 5.79544055293761e-10 6.25665651025748e-10 0.00507665243348003
"102490" 0.00225695507118345 0.000229156534355666 2.60335994278251e-05 0.00158297838806682 0.000556013456929676
"200158" 0.00766457411759997 0.000175309756506951 1.82150741133942e-09 1.94295914016166e-05 0.000109395883297434
"200159" 6.00571566869548e-05 0.00405008181142956 2.52055318229915e-09 0.000177873292946659 0.00032956974471596
"200165" 0.000146403100997014 0.0119235928765204 2.46356487581357e-09 0.000357862137559817 8.44118271513516e-10
"200167" 3.39461225056864e-10 0.0105353785520997 0.000268797532476732 6.32788490202991e-05 7.89021281682301e-10
"200170" 0.00780509422023287 1.66531394377931e-09 1.04038579389599e-05 3.96334030320244e-10 5.83498425343028e-06
"200171" 3.19820706928212e-10 2.86731339198839e-05 0.00840745706496853 6.71226207102239e-10 0.000110853205495045
"200172" 0.000411110789625345 0.0158886254757176 1.36063293373569e-09 6.4011959134363e-10 0.000711004164206014
"200205" 5.76887651950695e-10 0.000276613663337933 0.000697540313673864 0.00247561917039356 0.00175550461532327
"200211" 0.000724717887954558 0.00115224367575912 0.000138228029334667 0.000599285215684853 0.00385739913082264
"200214" 0.00160383749185184 5.53352251104622e-05 1.39791939041285e-05 5.3233244306828e-06 0.000173339184467548
"200220" 3.57397518026964e-10 4.77120195576529e-10 7.59872025937327e-10 0.000181242091271251 0.00732960172160662
"200235" 0.0081943014950048 8.38979378496079e-05 0.000176848138198821 8.36970196466377e-06 1.06118719838403e-09
"200237" 0.000420746571801545 0.00178242257506147 6.08719504379015e-05 3.93198759726372e-05 7.3932388889926e-06
"200243" 0.00116584286924701 5.57770892695063e-10 5.6551234784839e-10 3.65053440812929e-05 0.00334552310876717
"200251" 0.000980249286398885 0.0041266355956404 9.02424746295389e-05 0.000324338394361177 6.97918283828954e-10
"200252" 3.71274233802305e-10 3.08815537721199e-05 1.27601543439235e-09 9.54336247565851e-10 0.0105811373302791
"200256" 0.000211024313877976 0.00386226207458309 0.000357555696876827 0.000333056303964835 0.000226176570271892
"200264" 3.58419084163206e-10 0.00413054410050521 7.05686715018721e-05 3.18562099820323e-07 6.73063662973684e-10
"200277" 2.57086445245812e-10 4.81870259684884e-07 0.000641875150541401 0.0020727753285102 0.00142212502875155
"200284" 3.80240926446513e-10 0.00269138708766223 0.000960916248560665 1.15637395175781e-09 7.20732796713478e-10
"200317" 2.64416507482836e-10 0.000714570001990572 0.000898834130759016 0.000817936235892401 0.000292022386781335
"200319" 2.4505059976746e-10 0.000105241542306408 0.000393200660920992 0.0037048373754845 0.0027124950039426
"200336" 3.97014149940171e-10 0.000301710232849047 5.96044144360653e-10 0.00102310256573807 0.00756297726868311
"200338" 0.00406124335186233 2.12858209796877e-05 4.81302978534436e-07 0.00072176937828227 0.000383300448874099
"200342" 2.63989467437026e-05 0.00571544046033839 0.00260935546188047 0.000375540271692962 7.29092443706315e-05
"200355" 0.00121621005533367 0.000209771021355327 0.000115334333907239 0.00013779292897828 0.00400652622611274
"200357" 3.31604821950471e-10 0.00864180906484903 7.78686288062376e-06 0.000484876911874895 0.000155411163220378
"200358" 0.0027935984388706 0.000101763014085312 9.92262638694035e-10 4.40265897653846e-07 7.7158551283107e-10
"200401" 1.08285171723863e-08 7.07819035670706e-10 1.00411165433514e-09 0.000197716842168871 0.0105369667929638
"200404" 2.48101566055975e-10 0.00171611884383805 0.000270459373738683 0.000503107375636051 0.00350083076673777
"200406" 2.97272690379318e-05 0.000218990361212949 5.15172201253463e-10 5.71638970749818e-10 0.0095190119159152
"200407" 0.00285294285463923 0.00151901166899624 1.18869218527635e-09 4.0459448498703e-06 0.001290788797517
"200410" 0.00485741114107331 2.30706282759026e-05 1.10287069154464e-09 8.24772013841123e-05 7.20826140306387e-10
"200412" 8.74971499909515e-10 9.95753764388656e-10 0.00698549951890764 0.000282233850236658 0.000575745765012476
"200414" 2.41230726421571e-10 4.69278039834921e-10 9.97397451713284e-09 0.000857557416372533 0.00586251220207759
"200418" 0.00187710482890766 0.00218959556003976 3.28389602058446e-05 1.71948871481818e-05 2.72338955954571e-06
"200420" 2.45334634535997e-10 5.22553228629779e-10 0.000945552637539834 0.00505337471110739 0.000302746107632859
"200429" 3.37313881002308e-06 0.000600932582939595 1.06786034669163e-06 0.00132639692449117 0.000708365815461686
"400559" 0.00465685394625346 6.33755519709132e-10 1.78720310139274e-05 9.68837797968783e-10 4.66193290801663e-09
"400561" 0.0027861167798676 0.000501283430719743 9.04593400053961e-05 3.63213679616055e-05 0.000172450951874318
"400629" 0.00255208458699468 0.000114900468791951 3.87250390200917e-05 0.000382646020966382 1.12404588194009e-09
"400630" 2.41165114689916e-10 9.64289548991038e-10 0.00271508346896094 0.00260054319877671 1.18646278444096e-06
"400637" 0.000768100802460256 8.91034272465979e-05 0.00728673485440826 0.000455651252816221 0.00152767437860874
"400680" 2.7829688618996e-10 0.000170435980804782 0.00911113981863198 2.4165591165791e-05 5.71215663623568e-06
"400968" 0.0023621725237459 2.475789003145e-07 4.81744852166895e-06 9.35203075423469e-06 6.50457545929493e-10
"400970" 0.00243438710438713 1.39861903080338e-05 0.00436142429470078 0.000137837259475823 9.80040238343729e-10
"400975" 0.00435251186474304 6.08546417704867e-10 5.79751196600796e-10 3.42569659924589e-10 6.61924924598621e-10
"400994" 0.0029238277253792 1.61056257468162e-05 5.11970954120029e-10 3.43330918661411e-10 6.48096464142158e-10
"401006" 0.00280411445376405 0.00139870353725718 0.00015677139321365 8.70265196421228e-05 5.2083996086757e-05
"401011" 0.0014663796520208 0.000672571986468819 0.00115254393398747 8.28235330029225e-05 8.77444020771826e-10
"401015" 1.51544899662548e-09 7.02923886820962e-10 0.00188996739836613 0.000218541321043866 0.0047137410453813
"401017" 0.00573812951445872 0.000819363939301174 7.80198193630042e-05 3.63355041435934e-10 8.17824952429842e-10
"401026" 0.00403831688107368 9.6162969963429e-10 2.38234735939776e-06 3.38609100401281e-06 4.31054982073519e-09
"401029" 0.00485375844777565 6.10564950458597e-10 6.07016610132108e-10 3.22033646411384e-06 1.75002546812442e-09
"401034" 0.000608055885904587 0.00157025608571552 0.00716386010323828 0.000183881405325959 6.85519032754266e-06
"401079" 5.07784148422979e-10 1.78228738529178e-05 0.00155063644110947 0.00289243740890627 0.000144498859010691
"401098" 0.000634181040752134 0.00247580197400052 2.7848065742262e-09 4.33427339375836e-10 1.26564692827044e-09
"401100" 0.00249597133582796 4.69826060198373e-05 1.03096459525915e-09 1.06949011437605e-06 8.84369821768629e-05
"401121" 3.3247598148506e-05 0.0024372912446311 0.00179499272598147 0.00132926574040363 1.14210790345856e-09
"401129" 0.000176410495843995 0.00138569749808441 0.00383825509100062 0.00170355655257321 3.84982767640304e-06
"401134" 0.00131137440098294 5.79416205037116e-09 7.82888900769464e-10 4.32741746581122e-09 3.39024534635724e-06
"401373" 0.000870223992159826 0.001218943412058 1.35447786519999e-09 3.93337173192814e-05 7.49242822014971e-10
"401404" 0.000882061741249516 0.000246993087835551 1.37788310544656e-09 0.000299588132350852 0.0111995470824086
"401530" 0.00377516313667545 6.0715014310889e-10 3.54082602809373e-09 1.21244303771591e-05 7.27309262284252e-10
"401545" 7.75874726286151e-05 9.6355047293104e-10 0.000880875205348101 0.000915345884317986 0.00287431290675448
"401554" 0.00171254529577438 0.000513755057646997 1.72961149062049e-09 4.12561570957255e-05 1.19947268783461e-09
"401560" 0.00174726272711818 0.000502876042815832 0.000219122519603781 0.000762683588827772 7.31803255998889e-05
"401602" 5.40678508967738e-10 0.00475008427681789 0.000298642119140204 1.51080502687717e-05 8.79894822651596e-10
"401604" 0.00372549347672327 3.01768310787804e-09 0.000489646229652635 9.70574382054525e-09 1.98918027535057e-06
"401608" 0.00488282083890046 3.53243675314246e-05 2.60059801323717e-08 0.000448434597815464 7.81801203926956e-10
"401718" 2.35282477127955e-10 6.83301315184895e-10 0.00592300855769858 9.87478395111879e-10 0.000249268362428988
"401722" 0.00396407439933659 1.52186895878154e-09 5.8914173004362e-10 4.01729492844055e-10 6.73367501136196e-10
"401728" 0.00524777529979769 1.73264988847972e-05 5.81571896395246e-06 1.8964403831419e-06 1.36541977682667e-09
"401730" 6.60524416653692e-06 2.01026903006778e-09 0.00117154095933743 0.00377775094927352 1.60176416165187e-08
"401735" 0.00204276320219981 0.0004539598329291 0.000141027310619918 0.00194501125705493 8.25647133021317e-10
"401736" 0.00527738985714618 0.000206569216376861 8.86809437876391e-06 7.51919908427762e-10 3.70204495812922e-09
"401737" 0.00472644170751542 0.000138181494184487 2.52192044858638e-09 3.96317980590998e-10 9.3349744098193e-06
"401738" 0.00103890488751086 0.000156026615262366 0.00513236913854087 5.71047861443572e-10 3.52022202378667e-05
"401764" 0.00076122817550146 0.00209253557474368 0.00691027807197661 0.00107779312350784 0.00153981206911865
"401796" 0.00541087599864614 1.58140862933673e-09 5.07704918273885e-10 3.39019897049846e-10 6.6651847629164e-10
"401812" 5.00036174986791e-10 5.88909911867813e-05 0.00456908212833133 0.00104711996122959 0.000106693151556538
"401881" 0.00137032055778826 0.00086774679401508 9.55481245504773e-10 0.00223892595134433 7.49694693778302e-10
"401883" 0.00230090421226612 0.000411650385783134 0.00125928431230836 4.41206493766971e-10 0.00321508838849552
"600052" 0.000231014607400231 0.00194688969230024 5.87148316859119e-10 1.09256280206397e-06 6.75109763587879e-10
"600083" 3.89089692869614e-10 0.00348335254127517 1.04082229237056e-09 3.80674726331685e-10 1.09206923207128e-06
"600090" 3.2819001679562e-05 0.00460560428336721 0.000536952504873458 7.58778830330245e-05 1.34859626055529e-09
"600166" 1.8529892837599e-05 0.00305837378453941 1.03213817903162e-09 3.90638985767971e-07 6.80150410734501e-10
"600173" 2.51142978049368e-10 0.00401999147881637 0.00163410079163492 3.84080884004545e-10 1.48770979504755e-09
"600262" 9.28485298004963e-07 0.00160861933575821 2.83827145600189e-05 4.92133807912418e-10 0.00175762627424479
"600319" 0.000926870844934855 0.00162493202680809 0.000177254456395375 3.72233436816792e-10 2.83674737406499e-06
"600346" 0.000355219539161459 0.00642629359801251 0.000234459762457458 0.000388591951776143 3.4842775761248e-09
"600362" 2.89388091072903e-10 8.55766657191270e-10 0.0021609219542177 0.000926648886907928 0.00020997430295827
"600584" 0.00109149183691171 0.000363250860616265 8.96865551750489e-05 5.67865185343265e-06 6.59486651438101e-10
"600627" 0.000340565860719492 0.00117115489393386 0.00862716493680139 2.04425861603828e-05 3.42704388595243e-05
"600632" 0.00230057129392363 0.00112996536708638 9.17725428463483e-06 2.75365868362758e-07 6.79014353510176e-10
"600633" 2.41702292840268e-10 0.00167314515690929 0.0030060024586878 0.000405385241373023 0.00232325592309972
"600635" 2.38851321191959e-10 0.000445093687626553 0.00127104697644782 3.40994822611585e-05 0.00194680848119398
"600648" 0.000603321462548584 0.00252798179313036 2.92801966299767e-06 1.69264808149993e-06 0.000307528518149606
"600666" 0.00358392191056677 0.000720167548155786 0.000478442712915471 1.85756242234047e-05 8.40721343421502e-10
"600668" 2.50925597409521e-10 0.000875038408512377 0.000250884766641742 0.00288104843648483 7.19586235400288e-10
"600671" 4.90224841885764e-10 0.000652291672222337 0.00520755472795732 0.000658338088430009 0.000731588977540151
"600686" 3.08028043900222e-05 0.00176490819733758 6.62090615960965e-10 0.000659094710987482 0.00251865084798021
"600729" 7.98125009582627e-10 0.00476119854092744 0.000718275059438878 9.86482067249588e-05 2.94830650446694e-05
"600781" 2.76462925834373e-10 0.00825278665515707 0.000662727316816438 0.000394250088109629 7.57881951516204e-10
"600789" 0.00123015041824354 0.001221888714492 0.0110721513215552 2.02407992351947e-09 9.41085945395336e-10
"600798" 0.0011741930887108 0.00243582811803334 0.000489518651414658 5.04687265263783e-10 1.67467380686436e-05
"600801" 0.000117390443884041 0.00414213740365743 9.04160849336397e-08 3.59621955197808e-10 6.98745180061716e-10
"600812" 2.41463050370798e-10 0.00161159234116482 1.86722134809099e-09 0.00208399013606805 7.94907468418597e-10
"600816" 2.41067435106959e-10 0.0069583253483369 0.000107188667519792 2.14965048254349e-09 2.48765784594814e-06
"600890" 2.10524425038017e-05 8.3960124235707e-10 0.000746349854704758 0.00642709991626252 0.000878093066751763
"600901" 0.00160739078280071 0.00567521659024942 0.000938186554207934 1.23924094475844e-05 0.00033766218955687
"600913" 3.456089615789e-05 1.12869781163792e-05 3.93285511902707e-05 0.0025282846773919 0.00780558165476485
"601001" 2.41004043313578e-10 0.00785022849385635 1.87603302501222e-05 2.40582746870262e-05 5.108306833366e-05
"601003" 2.55970530795017e-06 0.00542299882762142 5.42933248243582e-09 0.00138208281853735 1.17181795021195e-09
"601056" 6.30913274786444e-05 0.00460760302498611 2.98696182113881e-05 0.00339835210490079 5.88371366879605e-06
"602036" 0.00336968447510221 0.000144980769521889 6.84571411428862e-10 4.01360144163469e-06 7.40453646139152e-10
"602039" 2.24948119622829e-08 7.89498964756665e-06 0.00171754407410517 0.00121062230581498 4.98373002480912e-05
"602040" 0.000216344767467848 0.000434225975745342 2.91887182104053e-06 2.06324302198626e-05 0.00369641577746545
"602061" 2.51435976312469e-10 0.00455801250124935 0.000149266492263299 4.69997808911422e-10 7.47176500016961e-05
"602085" 2.95022360046921e-10 5.75950137333016e-10 8.35573954957872e-10 0.00241338515507117 1.42287929428704e-09
"602102" 3.4341218383016e-07 2.45900663843370e-09 0.0010428683382797 0.00011231138368162 0.0069647883381413
"602107" 2.6341007135589e-10 0.00147521579468115 0.0018237649052741 3.27738900240191e-05 1.19527145399278e-09
"602133" 0.00184188605257682 4.89324337083027e-07 2.17643057909509e-05 3.39323051017722e-10 8.41528932210214e-10
"602372" 1.09650546848435e-09 9.70223210401548e-05 0.000425566109588454 0.00272091375846888 0.00465610105952665
"100275" 1.52325781876199e-05 0.00577234534585274 6.45490932502812e-10 0.000177083363650223 0.000467687042723273
"100322" 6.65175783181657e-06 1.25868806013278e-06 6.17647277836248e-10 0.00235009310469852 0.000570085556681148
"100341" 0.00162182434466629 8.66288794345204e-10 0.00024305243250593 0.00187829789843623 0.000575091352191283
"100556" 0.00257608558404746 7.26686181042811e-05 2.33848010578565e-05 0.00254571547662108 0.000198265090692702
"100636" 0.00305291527794534 0.00680376111288148 2.73764474043272e-05 2.55475744515064e-05 0.000172065361182985
"100749" 0.000117744413867298 0.00730263521474673 4.57553182973678e-05 8.24333360617901e-10 0.00441837915798448
"100815" 0.000972945663251743 1.31050406758109e-09 5.90215828893189e-10 5.01580701118069e-10 0.00285518172287302
"100821" 0.000903067111973026 0.00124961021056828 5.53586065167164e-05 4.94033586182618e-10 7.42723843172482e-10
"100829" 4.02664715471479e-10 6.09313314162964e-10 0.00819122709799374 8.52770367127293e-10 0.000280762890071256
"100831" 5.35164218421841e-10 1.05638136100734e-09 0.0028497138607863 0.00142306353801621 0.00400488255659767
"102027" 0.00111619701906585 0.0084069103704465 1.49550844971081e-06 6.53958625514339e-05 0.00103630238827687
"102039" 3.38848059958971e-05 4.1414442987501e-05 0.00725203983757909 0.00201033975287376 0.000198696595970511
"102047" 3.17113571866426e-10 6.81463064819623e-10 0.00465315982869097 0.000546323251309636 0.000432044458827543
"102075" 0.00020748876479671 7.99925674576116e-10 1.07808975629215e-09 3.39824728667652e-10 0.0133950619794701
"102099" 2.42490415698254e-10 0.0096050794380903 0.00020059883800429 0.000191977574375833 1.74464599612801e-09
"102106" 5.03978059307102e-10 7.78428522470655e-10 0.011769644075597 0.0012603709653899 0.00128584555361036
"102117" 2.45020045374049e-10 0.00669570063563049 7.18450408968655e-10 4.47274118616176e-10 0.00110014403296681
"102257" 1.11701241780231e-07 6.88035162315521e-10 0.000949458837196301 7.61093066852367e-05 0.00536489012682407
"102258" 7.27071876502654e-09 3.94839380072893e-08 0.000483487802747413 0.00295696899271694 0.000384280478435919
"102267" 1.08399569983314e-07 1.00980998413423e-09 6.68870495676258e-05 0.000384694054983559 0.0061284025618605
"102288" 2.00292777479429e-05 7.06303003785462e-05 0.00081178129671653 0.00393768035292788 5.03168477600294e-06
"102298" 4.59655587018578e-05 0.00187822343873463 1.36936471065293e-09 2.71698488607814e-06 0.00153637402580666
"102301" 0.000250695826397896 9.49192711431511e-06 5.28598081246231e-06 1.31421000268666e-05 0.0027990017110855
"102304" 0.000407567008866208 0.00284509100856281 0.000293636147665489 8.00449029797204e-10 2.50287649099751e-08
"102311" 0.000257574317275208 2.3534718891732e-05 1.15419969936372e-05 0.00325639297239868 2.68728297348062e-05
"102348" 0.00115368954768464 0.000246754461181408 7.82222670759896e-06 1.42583272410924e-06 0.000317651816616689
"102355" 0.000567364193821546 0.000128253414751178 7.81169285533982e-10 0.00174736017841533 0.000119672566212444
"102373" 0.00212580766473798 1.40939185681402e-08 6.5126266674876e-10 0.000737627314599183 0.00256730680029182
"102375" 1.80187076056935e-09 9.40465844848364e-06 0.00111031051205193 0.00196972866723868 0.00345750385580829
"102384" 0.00100440592505824 0.00210306941199398 2.62065311481585e-06 5.62025763417354e-06 4.27251116091577e-07
"102390" 0.000264147311101365 9.15123045163788e-10 0.00132930604028614 0.00371844505210086 0.004181235666384
"102396" 0.000739398676790844 0.00165695768812571 0.00281958461367255 0.00165470088282395 7.24611519269142e-10
"102427" 0.000207862279983665 0.00399787054597672 0.00149073488272746 6.23815518442253e-10 8.81315371681559e-10
"102442" 0.00234650948593977 0.000192254543422312 7.75754175476234e-05 3.46158264755913e-10 7.35990596693272e-10
"102452" 6.63180348439608e-06 0.00192406389916657 0.00550413219058705 0.00012097020139284 9.04874460537319e-10
"102460" 3.16082862910432e-10 0.00174661754784208 0.00101895634498231 0.00455557412825615 7.29439050621693e-10
"102465" 9.80737511651588e-06 5.73889616561588e-10 1.37395200308474e-09 0.00217870832076649 0.00435412981413803
"102471" 0.00390884487678602 0.000110252869704586 3.64819821194558e-05 1.84933111474784e-05 0.000147020408343464
"102489" 5.22319698076275e-06 1.19828670042934e-09 0.00594987940294697 0.000678766392159158 7.52864981265884e-10
"102494" 2.62144913042897e-10 0.00429924040381664 0.00121998688652451 1.45545529738215e-09 1.70128468099896e-09
"102495" 8.47865408210699e-10 0.00273228323426126 0.00156405768657862 0.000986559692328534 0.00443903080473784
"200068" 9.81516452846468e-05 7.27943900594986e-06 5.35449648349389e-10 0.00779205464034818 3.33646193212941e-05
"200079" 0.00598730400075276 8.41093785576309e-05 4.30664144032552e-06 2.3033236895016e-05 2.77166232594972e-05
"200129" 0.00287194876487632 6.24581183111499e-09 4.65296706799496e-06 8.5063358512385e-05 9.6482380601479e-06
"200131" 3.61047599465915e-10 5.55007747548908e-05 0.000770435158541856 0.00404589842413734 1.0723199455989e-09
"200132" 3.11409370018963e-10 0.002538427734355 3.12184266171062e-09 0.00253121638276639 0.0013635754960242
"200140" 0.000352840324009775 0.00115220732733831 9.91243143168523e-05 8.47250441546437e-05 0.0217767912518923
"200143" 0.000546467554872563 0.00430532765797356 4.66301740411604e-06 3.03535891255027e-09 2.31549302476848e-07
"200144" 4.0374476996805e-10 4.99920707693513e-10 2.93763610203415e-05 0.00744247952636809 1.6039561921564e-05
"200147" 2.38954631128474e-09 2.18587406306412e-05 0.000128294964124166 0.00716973740797813 1.88544559229428e-09
"200149" 2.3797382888058e-10 5.77070862968847e-10 6.5233571758596e-10 0.00473835973073034 0.000174746070774746
"200154" 0.000908117716516155 0.000705221943216599 5.26563685848443e-10 0.00703292500562711 0.000962795200219124
"200156" 3.10801421525574e-10 3.64167063389192e-09 5.5029109112276e-05 0.00621931115320615 7.69016497054345e-10
"200157" 2.39812002703857e-10 4.71470490090921e-10 7.69864833657584e-05 0.00350335032801677 7.57858247170505e-05
"200175" 0.000885510942138568 0.00175795977698727 6.25714846644547e-06 0.00366285794736404 2.60312617026315e-05
"200178" 2.71898188388087e-10 2.12776513310322e-07 2.82639851691101e-06 0.00449446801008993 6.61724144767066e-06
"200184" 3.77086368436205e-05 0.00178753895113435 8.50269271412734e-10 0.000307952057824297 0.00166671927387005
"200192" 2.67111414894214e-10 4.78926655356378e-10 0.00196154159240879 0.00224515536657053 0.000833724977528108
"200196" 2.83998788033124e-10 0.000319907652287079 6.41097373999629e-10 0.00618704493988541 0.00377547990267889
"200199" 2.50083338136064e-10 6.0132128407781e-10 2.40922664531809e-05 0.00310532576207691 0.00526495432130382
"200242" 0.00102471699940532 5.67088479106513e-10 0.000793199806939487 1.82245019541854e-05 0.00274090564577153
"200244" 2.35997941283187e-10 5.15737810264114e-10 1.8846301662895e-06 0.00492591726452016 0.00643178948320218
"200287" 3.6405593837622e-10 4.64945162333491e-10 5.59504919676319e-10 0.00366428157407709 0.000257527893284992
"200288" 0.000206838364929202 0.00299540281473387 8.02954234424988e-10 0.000548322699964481 0.000300467127620854
"200295" 2.35597637878806e-10 0.00147119797072966 0.000158163330567556 0.00586774649748972 1.12787800888993e-09
"200298" 0.000138559393719592 0.0026578365620168 7.02586330516591e-10 1.77110760847332e-05 0.00841125533694281
"200299" 4.34076896136165e-08 0.000274804160605161 1.36232421639699e-09 0.000301817847516615 0.00485240540154906
"200300" 5.14870315516554e-10 5.1063740068186e-10 2.16063329030227e-06 0.00257524543887153 7.74221413380453e-10
"200301" 1.03966528508898e-05 2.04045206701546e-05 9.53210671043479e-10 0.00628019617875944 3.00315926573749e-05
"200302" 1.7237589003814e-06 4.89676464627355e-10 0.00217798987926111 0.00130408792680927 0.00017349656319701
"200304" 6.23165124800763e-10 0.000601318819092774 5.32995364793027e-10 5.11289348857851e-10 0.00880574955025037
"200306" 0.000249844601362726 0.00293917374052913 0.000435392292013395 0.00101636092222687 0.00532014861190421
"200312" 0.00136323309159284 1.15030660596116e-09 5.60274494298221e-10 0.000570836169391217 0.0034792012293556
"200324" 3.94264027599564e-10 0.000107870804639212 0.000848001108003452 0.00324976172312343 0.00113197394573413
"200328" 0.00018161881534698 0.00301037294153607 0.00320019607860369 0.00246864785625181 0.00131592195462552
"200331" 2.32168089873553e-10 1.65115088643178e-09 8.40372049660645e-10 0.009554434907597 0.000258595242112986
"200332" 7.59094561340034e-10 4.62246550716853e-07 0.00236823642314396 0.0041219293188659 0.000643759812200936
"200347" 3.00944883203068e-10 0.00097986589451853 0.000673921514194291 0.00749646535578355 0.000292663150175935
"200350" 2.33360663669808e-10 4.86586995769111e-10 1.87179183790014e-09 0.00117883810877865 0.0094795554660112
"200363" 2.57936382877892e-10 4.81945940668605e-10 9.32870579300413e-10 0.00410588259460816 0.000135396182701793
"200364" 4.79920454014448e-10 5.40415265799674e-10 1.04329731922022e-09 0.00626446856046558 0.00032972037146366
"200365" 1.75000425694701e-07 0.000106593144795327 0.00070357053037978 0.00771923482964232 0.00094287037683453
"200370" 2.57035310074697e-10 1.40780959232593e-09 4.20612467540053e-07 0.00420547664023545 8.45447872736779e-10
"200371" 0.00326444861803897 0.00240766381027179 9.83266832712071e-06 1.00779665525005e-05 3.76592301759367e-05
"200377" 7.93540209060141e-10 4.81500954785549e-10 0.00433707834949855 0.000894528211954098 1.80495196579096e-09
"200378" 7.7296897041453e-07 0.0003048507921804 0.00223177931939776 0.00157072888790568 0.000440480563680043
"200379" 0.000126355360114114 5.59478519645306e-05 6.40336931924786e-10 0.00190081584366415 0.00407539727053453
"200381" 2.31853611940703e-10 4.62545383002932e-10 3.05638584710861e-05 0.00844349763679329 7.22082494728115e-10
"200383" 2.42776624478304e-10 4.88141203914807e-10 2.34909917223118e-09 0.00330957371955324 2.73043508885713e-09
"200385" 0.00139744265124752 0.00284447105957352 1.61853527690467e-05 0.000137624368441108 0.000424665183360192
"200386" 0.000284365194484665 0.00107898001805875 7.50902827124704e-10 0.00323869380941759 0.00275768991336873
"200387" 2.7794383397194e-10 0.00716079706399043 1.67631843031806e-05 9.50805366216024e-05 0.000549659911844952
"200425" 2.38048216301354e-10 6.13153157245883e-10 1.14461112795592e-05 0.0006814955375978 0.00899093921973431
"200430" 3.33687613121283e-10 2.39781743886306e-05 0.00120051704015158 0.00372336462991792 0.000102497925066806
"200434" 4.14011537963981e-10 4.8983493817985e-10 6.46201721037955e-05 0.00302106060340917 0.00158144797294937
"200442" 0.0022282556647227 0.000763582302663321 2.6460146297987e-07 3.47874752959562e-10 9.21232322512808e-10
"400560" 0.0015475064133146 9.98676420562452e-05 0.000441964539382695 0.00014842196800031 0.000390558113766963
"400636" 1.26712354870574e-05 8.7731777868204e-05 0.00174785846521075 0.00273994683378608 0.000197181339751238
"400640" 0.00127324486390017 0.00212328750923233 1.20055930593785e-09 0.000879649489959139 0.000146490223250755
"400642" 1.63420783199336e-05 1.85349099724043e-09 0.00298488159096751 0.00141808317551674 0.000885709534497306
"400656" 2.33971096541033e-10 0.00172791571979679 0.000431731485814104 0.000529704617628106 2.33345299362929e-05
"400679" 0.000509761496933801 0.000582427124669286 0.000222740050877338 0.000374590450864091 0.00195378252405499
"400881" 2.56249690900802e-05 0.000313558627811058 0.00116435838321127 0.00446888022463004 0.00073761906660015
"400921" 3.17785668590161e-05 0.0070792876919721 0.00124029167332417 0.00101258976625333 0.00101542799022086
"400969" 2.34944118649732e-10 4.88501059828141e-10 0.00340807204042365 0.00297849745501145 0.000470532198108123
"400995" 3.34663226075362e-10 0.000289089444785514 0.000281639241121658 0.00400424077487485 3.25179325903192e-09
"401035" 0.000108761855352339 0.00289911281286302 5.20417396474446e-05 0.00107568071176858 0.000122125334134763
"401039" 2.35465045558881e-06 8.96701080027519e-05 0.000487832693319065 0.00325805171229687 9.33085724157509e-10
"401072" 1.09098176707785e-09 4.81863744567657e-10 0.000372038538590368 0.00634867054473946 6.6607518870236e-10
"401073" 2.33017374151039e-10 0.00270168190513898 1.2672014859148e-09 1.78919338672784e-09 0.000534002163118015
"401078" 2.34240605104419e-10 4.86040423822295e-10 0.000139733547886893 0.000989475159574379 0.00484606286696768
"401083" 2.33083587089955e-10 4.73266276146558e-10 1.44522804185422e-09 0.00155205005835942 0.00120315537533352
"401085" 2.36177784174703e-10 5.02659611716973e-10 0.000123439302110228 0.00349254241971132 1.32324151858057e-09
"401091" 7.72271021728938e-07 7.08568084826451e-10 0.000157027450810794 0.000906836067423608 0.000137523911345955
"401093" 0.00299832084750027 1.28655538907012e-09 2.47971555149642e-05 5.33394066418197e-06 8.76257680781913e-10
"401105" 0.000432684272721388 7.44425624890057e-06 0.000157384118499314 0.000172854529913418 0.00424522681019323
"401107" 2.43514686799726e-10 4.3476576623559e-05 0.00193463598068367 0.00292622266006351 9.8796134000525e-10
"401109" 4.41396904879569e-10 7.64526735894119e-10 0.00244339985395323 0.0026187150625659 1.52330333751132e-09
"401111" 2.37346877062016e-10 0.00353057797717819 3.33855241141675e-09 0.000815295875415001 0.000262563342294832
"401135" 3.69493361603784e-05 0.000292466371833541 0.00158667359681203 0.000358927808261796 0.000319061918950925
"401140" 2.63591936849127e-10 2.40067765029194e-07 5.10050586003189e-05 0.00401938425999745 0.000519994936821419
"401181" 5.43873775947376e-05 0.00741105683547826 3.31225161142295e-05 0.000132729731226416 0.000133809074930334
"401200" 2.5996263521174e-10 0.00158438858013771 8.18051699098852e-05 6.9512577253094e-10 0.00420669326734861
"401235" 0.000786924953893805 0.00257962729067512 0.00191804018486223 0.000121725090536296 2.87190461982413e-09
"401241" 8.61910059320367e-10 2.02881274997071e-05 0.00112849662523112 0.00168153281431247 1.26483610486705e-09
"401261" 2.32996686947205e-10 4.82926438019176e-10 2.41759368357555e-08 0.000285769247529619 0.00716327235634418
"401378" 0.00276430272196972 0.000477994371305867 1.87972908955975e-05 3.43229631090027e-10 4.60611675873833e-06
"401547" 9.8747636802237e-05 9.04014530927376e-05 0.0019900318724116 0.000988968840907212 0.00237204661112047
"401567" 1.32196067572322e-06 1.48806849286617e-06 9.63069326968824e-05 0.0041335943892404 7.47412158950141e-10
"401572" 1.36245270711757e-09 0.000344970914960485 0.00267586650198741 1.27281192337765e-05 1.02203105749849e-09
"401581" 8.31008216461597e-05 0.00180514258187172 0.00172324085833041 0.000119423259093005 2.62379595855194e-06
"401605" 0.00473847450295338 0.0013541050589747 0.000397979895629395 0.000104899037925129 8.61371890039993e-10
"401609" 0.00537991379371972 7.23732941457252e-10 7.65156360490708e-06 1.19412261883358e-05 7.31448943751623e-10
"401624" 4.61822549565875e-05 2.5161918565007e-05 0.000851217066931711 0.001851236714535 2.13139557689349e-08
"401635" 2.06995966260881e-06 4.69109225157669e-10 0.000145178128365421 0.00328474566954262 1.004205851842e-09
"401644" 2.3295315242843e-10 5.1307332724019e-10 0.00160492261975141 0.00166617373099105 1.94252549471172e-09
"401645" 2.33477738638568e-10 4.72098392954899e-10 0.000544227899527209 0.00137012717449383 0.000187534130592968
"401666" 3.48060616819412e-06 1.53210296785635e-05 0.000874639572127564 0.000175109699910683 0.00719515220888522
"401704" 0.000113125269270219 3.62371367965376e-06 3.60682463186038e-05 0.00777760155086377 1.26549512322689e-09
"401710" 7.11289926462424e-06 7.73072643639888e-10 0.00802746004583107 0.000891490164939934 1.84924418864153e-09
"401711" 5.38844218349472e-10 6.49041479081196e-10 7.59784450867716e-06 0.00452175634944821 0.000547736166412775
"401739" 4.90480559491617e-10 9.34225694078537e-10 0.00142910105046073 0.00694349130458948 2.69303005722853e-06
"401740" 1.54153113108289e-05 1.47999723056156e-05 0.0108572047223871 0.000591912963540618 1.28493218259801e-09
"401750" 0.00318753619426446 0.000946378824680556 1.62347146731372e-06 1.95470035373779e-05 1.26563679647505e-09
"401760" 0.000423537746343787 0.000101537543973653 0.000336856096661634 0.0045531151821271 0.00729430374347528
"401778" 0.00109734872382182 0.000117277753784814 4.52565973629137e-05 2.4961272218585e-05 5.17708856886048e-05
"401856" 2.82538325292449e-05 0.000353944962919045 0.0103244490391978 3.74000983746492e-05 0.000248226163580029
"401860" 0.00257077037295945 4.46488986225262e-05 0.00160007647368255 8.7087865311117e-05 1.80844911739898e-09
"401863" 2.4921683275287e-10 5.39897686213913e-06 2.78151698912864e-09 0.00587939458485933 6.70307471037872e-10
"401882" 0.00472114567724969 8.70966093258387e-05 5.05344387395857e-05 6.55206785983313e-05 1.11597149800488e-09
"600053" 3.71336649951573e-10 9.74111759291992e-06 0.000379084387199625 0.00179774803428355 4.81845906694309e-05
"600624" 6.96517627525417e-10 4.80079675522073e-10 0.000741634140332754 0.0036664844417338 6.84555839647445e-10
"600655" 2.32172738710157e-10 1.90923514276567e-06 0.0064255549522129 3.7683262630394e-07 1.37742592731682e-09
"600675" 4.67366953476182e-10 0.000640687755696901 0.0017899261234206 5.76154407943716e-05 0.00068617568985875
"600776" 6.27474480255302e-10 1.94939230266065e-09 0.00288600671293217 0.00581718788866485 2.01913633926455e-06
"600782" 2.37977589660427e-10 5.02467506162542e-10 3.24474635243856e-05 0.0111513752586763 6.66036524501702e-10
"600787" 1.67277774818585e-09 4.67239237744182e-10 5.93776026518025e-10 0.00479262938359561 0.00176519528856912
"600803" 1.3321810684905e-06 5.24634088011642e-10 3.24364613579923e-06 0.00868107313127353 7.39763818766944e-10
"600805" 4.64749399779326e-10 4.65458541549457e-10 5.6317621944486e-05 0.00366377050368001 6.61768911823036e-10
"600819" 2.45344175199006e-10 3.1695609188718e-09 0.000838233629356442 0.0110300640902169 1.21099238924027e-09
"600824" 4.25423607629664e-10 4.92394493588875e-10 0.00317032944137114 0.000177894347596798 0.000310400595590425
"600837" 3.96496271831517e-10 4.8330740516534e-10 0.00398634937156704 0.00177577976633429 1.61656069471222e-09
"600840" 8.54361793456824e-06 0.0022528001800218 0.000105817571084342 1.71090939267281e-05 0.000100868514219825
"600843" 0.00146872231282837 0.000243820085898342 1.67581961997519e-05 9.17159041552206e-05 0.00473809154025448
"600845" 3.8546661715869e-08 2.7648651500647e-09 6.09374123324439e-10 0.00293573784005316 9.86528091811654e-10
"600863" 1.55322376062211e-09 6.79608272821125e-10 0.00627537003214787 0.00180632954123175 0.000420772434219174
"600880" 4.04279925816462e-10 4.69900155817634e-06 4.25868544157533e-05 0.00416480332761056 2.10395732379911e-05
"600910" 3.31795497940564e-10 6.62780209127145e-05 0.000713308717066785 0.00592894299464967 0.000747120305199457
"600919" 2.67330175005742e-10 0.000313713859661223 0.00533375922588353 0.00123403442851983 2.1906020741043e-08
"600926" 0.000260622314804641 7.31488633997043e-10 0.00168907610869708 0.000235381148424798 0.00773078244859456
"600970" 7.34214294241046e-10 0.000953853879504252 0.00444013812794886 0.00472832453303852 0.00111436859028972
"600984" 0.00510803924270734 0.000631705700249611 0.000408514383951484 1.5948461602138e-05 7.29634367293285e-10
"601008" 0.00216299407513206 0.000730513556854772 0.000250055729944035 3.19087623466782e-05 0.00109929275938768
"601009" 2.34908072232244e-10 1.12850344099602e-09 0.000378226332908339 0.00317150152985719 0.000773267317357403
"601046" 0.000158014937303971 0.0114583412582193 0.000129725043912577 0.00078379756950185 0.000570107043971229
"601049" 7.35479512357801e-06 4.18923630514502e-05 0.00801830721546099 0.00231061326816886 7.64675892221395e-06
"601050" 1.20883913009474e-05 2.29012193009699e-09 0.0039671353802986 0.00316788306820335 8.11575046583193e-10
"601053" 0.00162928084329198 0.00151501792789597 0.00416787410754003 0.00229694168421586 0.000336789157492762
"602070" 5.88079714409178e-10 4.74428428886048e-10 0.00440535356270119 0.000716621606336357 9.5409744115487e-10
"602143" 1.56197819118932e-05 0.00223840466352383 2.22526255931063e-05 0.000126936022667204 2.75242034257453e-06
"100274" 0.00206874172179493 0.00106756638317802 0.000377628696153775 5.00489718457684e-10 8.84198656408162e-10
"100277" 0.000857081604240816 0.00363520733455395 2.61981191681872e-05 0.00185551464760081 5.31572441296602e-06
"100401" 0.00169500184305524 0.00266751185440349 0.000281985557491172 2.07382849628893e-05 1.08504667682259e-09
"100491" 0.00334965546900276 0.000901562701980894 3.843375201637e-06 7.97638478224959e-07 9.42160407711475e-06
"100848" 2.64987195288441e-10 6.00216664916577e-10 4.14429248792136e-06 0.00558528498616203 0.00088542798627234
"100889" 6.11879656515273e-10 0.00425821091268089 4.06654732670373e-08 0.00051113640373302 0.00849927777879716
"102221" 0.000585971497515898 0.00180007570435541 7.56662437143449e-10 0.00376906956561723 7.51119483436636e-10
"102294" 0.00145372541270995 0.00198532222166584 3.39408172837812e-05 3.45891776618375e-10 2.16114841229387e-05
"102300" 2.57913486819103e-05 7.49150309808573e-10 7.62324151831543e-05 1.26372962416501e-09 0.0052408017318979
"102334" 0.00206131008653863 4.74292821576218e-05 1.00198892307549e-09 3.3226002498223e-08 0.000161284322152507
"102337" 0.000396194980841029 0.00256168412131058 0.000143992683898198 0.000176182620438326 1.01359758577833e-09
"102338" 0.00214076242567805 1.2952883458974e-09 5.27235346128977e-10 6.50838970817742e-05 5.40842785214619e-06
"102377" 2.5985579744509e-10 0.000355395961093071 3.15989454457866e-05 0.000556040313849012 0.00581444900425951
"102417" 0.000127254145773569 1.26965980067259e-09 3.9683448289936e-09 0.00253853879184327 0.00471445598981259
"102418" 0.0041122275257173 5.90549865106935e-08 6.84789441417048e-05 8.26122885756955e-05 7.27231391738621e-10
"102444" 2.80722244877618e-10 5.04614362688904e-10 0.00698255149557741 4.39092465370592e-10 1.30222380640677e-09
"102470" 0.00259577659538824 0.00117392502964022 2.92453755850732e-05 9.12419616844892e-06 0.000230109790081685
"200106" 6.19529304686744e-05 0.00147793286218865 1.20709983415917e-05 1.09352857713259e-05 0.0057827006708189
"200133" 0.00190972882131371 1.80478555859087e-05 6.16634748118113e-10 1.20024341946758e-05 7.46206825170698e-10
"200241" 0.000613073993764478 0.00765980595080525 1.51507436887132e-09 8.75923768035591e-10 1.01547597074392e-09
"200248" 1.08081256819029e-09 1.07278361435816e-05 5.11332182816112e-10 0.00607414150160729 7.13302761414428e-10
"200292" 3.72461590073754e-10 6.01448059117655e-09 0.00147547197077728 0.000634634839776708 0.00452503924093276
"200310" 0.00184978677466562 0.00095629709719627 1.99959694381884e-09 3.64424884110153e-10 7.84165152271318e-10
"200321" 3.34564729913458e-05 0.00228495796693128 0.000671168560115713 3.70444631274574e-05 1.29083066122407e-09
"200323" 0.00188681087158613 0.00138045885375799 0.000850823668338048 2.01543453881213e-09 7.1830837951603e-10
"200367" 6.85889728431448e-06 2.6076831609178e-05 1.50785772557253e-05 0.00855888911592285 7.35689109271588e-10
"200382" 2.67667270280655e-10 5.06044368368295e-10 8.92321786009712e-05 0.00116956664092629 0.00441449427726109
"200388" 0.00230246677759077 0.00030150095522096 7.76948568031508e-10 0.000163961927308188 5.30813482157642e-06
"200393" 3.85242444130678e-10 6.61341100602224e-06 1.21568248701818e-09 0.000124968260114912 0.00603849834346803
"200421" 2.20281704704327e-05 0.00118098494173283 0.00428643397302518 0.000320302156698959 3.45897626210268e-06
"200422" 2.49313236724313e-10 7.17597974297919e-10 0.000772318132510443 0.00119239714171604 0.00218825386569676
"400554" 0.00275024327909111 3.77955863187111e-09 1.08263760633591e-06 1.32148500607449e-05 1.82967789044733e-05
"400556" 0.00515669182744731 3.08402938264467e-09 3.71605074400705e-09 4.47603254817864e-05 4.20175805181782e-06
"400558" 0.00197274309543058 0.00069574856905534 4.8191171600298e-06 1.14038385426897e-09 1.06394331110285e-09
"400631" 0.0004691047458338 0.000193927498084855 0.000147002951312887 0.000978681336490433 0.00171607307763466
"400634" 2.56873600396483e-10 7.37924859202356e-10 0.00491839686890417 0.00279643579629761 3.29458396430851e-09
"400875" 0.00209578358129202 2.46900120005191e-09 6.74295218401825e-10 0.00185971909484827 7.0311438320034e-10
"400972" 2.42928121234829e-10 4.78318885843498e-10 4.43019064658693e-05 7.40179839360363e-10 0.00484321771681171
"401020" 0.000752457115690193 0.00194534010054178 0.00237322422214474 2.29958583165942e-09 1.61206068465526e-09
"401023" 0.000330356649289444 0.00278576855646259 2.35173607118505e-06 0.000934982344244388 2.43638912954634e-06
"401025" 0.00375247075382693 4.9804146530042e-05 3.2552980871588e-05 0.000870661793333594 1.26158875154903e-09
"401062" 0.00211625433896009 9.4046251745305e-07 0.000148353547466494 9.81487936828162e-05 7.12367107670034e-10
"401076" 0.00161733914571699 0.000372646019015526 8.99547987462396e-10 0.000338271754331096 7.28856982892261e-10
"401080" 0.000185920789209054 0.00256479184735189 0.00142776958094575 0.000909214255678319 9.59858384136832e-10
"401088" 0.00171400935152406 0.000106439360406201 1.45438432514454e-09 4.35614999004559e-10 7.00254974490932e-10
"401095" 0.00360315189238953 3.61600649770986e-05 6.07286162824341e-10 2.14689375582937e-06 1.72110018704835e-05
"401097" 0.00228220488411313 1.129337340752e-09 4.19826498094296e-05 1.23258867212039e-05 7.22275903720957e-10
"401101" 0.00212211653065863 0.000179018653867665 7.54915825949477e-10 5.48278470511228e-05 8.21596703445356e-10
"401115" 4.23806720314719e-06 0.00303052849998909 7.04372655269067e-09 0.00213574924018742 8.58333876581099e-10
"401118" 6.18946398216873e-05 1.21226687934146e-05 1.68711939805622e-05 0.00341364279149326 1.08731923461432e-09
"401133" 0.00296199917899532 1.08797945105276e-09 8.36175498760029e-09 3.02430396105193e-07 7.64501457165545e-10
"401182" 0.00342601451485688 1.33664073497759e-05 2.54063798464104e-05 2.29534605906932e-09 4.86125377116102e-06
"401244" 0.00265849096837906 3.92992168132913e-08 6.26813823252019e-06 3.10275610108648e-05 1.41412754256868e-09
"401370" 3.10231865348873e-10 4.44230962522779e-05 0.000848508255276854 0.00393414569108728 1.48342143212083e-09
"401372" 0.000574824992059585 0.00208781277014469 1.30142254731634e-06 0.000119180941631327 8.52043817414918e-10
"401517" 0.00242029659911032 0.000787167804153068 0.000306652232346773 0.000140160010480992 6.93088686331939e-06
"401596" 0.00176672753208632 0.00211731112384065 0.000323299133353742 4.6527152945413e-05 0.00679776987936672
"401637" 2.34515950870604e-10 4.79950736125225e-10 0.00131518554734955 0.00350911055344157 6.76048178813897e-10
"401726" 0.000212535203535025 0.000553328686006225 0.00293360229212629 0.00238621440220341 1.02609209095955e-09
"600808" 0.000592564764356206 0.00334235241541594 0.00282082332342044 0.000102570565556954 1.17854603096193e-09
"600813" 5.90286667027261e-05 2.16574504494268e-05 0.0129611176788386 0.00150344002564957 0.00221633689995854
"100395" 0.00268877880525973 0.00109404065142364 3.69560315828313e-05 0.000337547000957066 2.03275941520904e-09
"102026" 2.31774684459954e-05 2.7289741534242e-06 9.31940036010981e-06 0.00505299121301599 0.000228782806611274
"102028" 2.41495954933954e-10 0.00779097682236382 2.80292927335093e-09 1.18556053409896e-05 2.23992178268357e-05
"102030" 0.000151687571324721 3.77651578129592e-05 4.79416532884599e-05 0.00426156098245567 0.00280482111469687
"102038" 3.1150508612862e-10 0.00927180469014634 3.98317267700904e-05 1.96411640101054e-09 7.08584569010856e-10
"102045" 3.3656375761552e-06 3.73632293005847e-09 6.76128701459448e-10 2.04097381927897e-09 0.00878902778333894
"102046" 0.00177830428629841 0.000106945442470046 2.41106652766391e-06 2.47390206803844e-05 0.00716130004616414
"102083" 9.39137198381115e-06 3.69843694249496e-09 0.0083593560284386 0.000424419640043333 8.54763974663014e-06
"102092" 2.74864657433942e-10 0.000251519332827505 0.00258087119555942 5.59386260084862e-07 0.000128315487580001
"102155" 2.32219734391573e-10 4.66101248449339e-10 0.000372273319999395 0.00334649411175791 6.59949579882425e-10
"102174" 2.32870396146969e-10 4.78712244823031e-10 0.0114345160005686 0.00132701729087795 0.00150544585769445
"102177" 4.13320676279819e-10 5.09770944771397e-10 0.00453719546025215 0.00272620990461594 0.00097458750583049
"102184" 2.47015202269329e-10 5.41202318849383e-10 7.15497864558519e-10 0.0154441794527839 3.30686950087365e-08
"102186" 1.51835487756671e-06 6.13588330361423e-10 7.49808546711089e-10 0.000132760486735223 0.00346080025520782
"102188" 0.00257015505951263 0.000237131962812381 5.92089597016463e-10 4.71871451251572e-06 0.000678584670555383
"102191" 0.000120882683369565 3.21460043554012e-05 0.00205460146778722 0.00181946993096189 0.00492794526435055
"102206" 1.88970570667166e-06 1.18500699420379e-09 0.000959438324625382 0.000309942086754907 0.0021061925726376
"102207" 2.86608847436142e-10 0.000129363682389158 0.00796286716597344 4.48291460439117e-10 0.000524758209816729
"102239" 0.00134572389439485 1.38766838087161e-09 9.15909970769174e-10 3.26440538772854e-05 7.71833854974941e-10
"102259" 0.00105410645305818 0.000350770373710495 0.000393829430955702 4.95320189356444e-10 0.00367350575197831
"102281" 0.00222799957075767 5.75854106779572e-10 2.244672273639e-06 4.20761389638698e-10 0.00137865347229015
"102289" 0.000170657662906331 1.16977910345864e-09 0.00210670624670606 0.000854509774277465 0.00152916651553295
"401019" 1.7787109959908e-05 6.90271213338969e-10 0.00140088992798198 0.000420759751688341 0.0023186909005445
"401037" 2.39062371913802e-10 1.50729567054786e-09 7.43304762057449e-05 0.00176669332647069 0.000420331036251572
"401124" 2.76190499318788e-10 4.71666351556464e-10 6.32653484353426e-05 0.00449495301939516 0.000634191116105959
"401582" 0.00017789855487789 9.97272275048513e-05 0.00292248392392438 0.00012122593020757 2.55234849535463e-05
"401724" 0.00100721984974238 7.0699736508636e-10 0.00012732845488579 0.00562946812275581 0.000165500763396313
"401727" 4.83907167757379e-10 3.05371274960016e-06 7.92605140691129e-09 0.00850199213139691 8.45701860099639e-10
"401733" 0.000412111977859501 0.00731335709944541 0.000590072190617939 0.000177546041749631 0.00114658226841988
"401797" 4.57462719805477e-06 4.86639975217697e-10 1.2588284307212e-05 0.00158737936969573 0.00664550425978682
"401799" 7.16147698722791e-06 0.00457990880101496 1.17360328712855e-05 0.00211083711673951 4.93947543127898e-06
"401869" 0.00489571714212618 0.00045742244140716 0.00140957203868909 8.32998665092514e-06 7.51124503565294e-10
"401884" 4.37965522609595e-10 5.11984775254313e-10 0.00847610441810921 0.00095827521712916 0.00285355639320777
"600100" 3.04505981792397e-10 5.52639951508574e-10 0.000249024812922762 0.00589758567220393 8.81727486653811e-10
"600109" 3.66466122788112e-10 0.000326453639253411 0.000506108582951392 0.000479894068332109 0.00387950565597638
"600113" 2.56114896622484e-10 8.81735008801753e-09 0.00562448341681761 0.000127198186663719 3.04584952217798e-09
"600260" 1.12410643649351e-05 0.00224428954921 0.0012166982443498 7.619916262634e-09 0.000364689095484905
"601045" 0.00344798823447237 0.00212218674241749 0.00271300395140925 9.82913397786651e-06 0.00314031677570679
"602025" 2.32565596813747e-10 0.00531231515118886 5.52647329308254e-10 5.84556264825068e-10 7.50087692377669e-10
"602047" 2.25497485715033e-05 0.00377016213818552 5.22651208063831e-10 0.000608953564942423 6.98315068057318e-10
"602154" 2.72193808485093e-10 1.06239273217546e-09 4.21635895620373e-05 0.00293518832687428 0.000655758292837387
"100317" 0.000497688080605278 0.00366068617408169 1.55887568045961e-05 4.30681878115584e-05 7.52540621281596e-10
"102098" 0.00182925137527569 0.000738163699931832 0.00044290258480115 0.000284388193996971 0.00502003060753011
"102185" 0.00299585357718128 0.00253387277090301 0.000639132667753947 3.89145084675986e-06 1.77552944343481e-09
"401867" 3.5076296518978e-10 0.000234224729588432 0.00449344939773797 0.0043260897562584 1.68502612985894e-05
"600802" 1.11187717984415e-05 1.63748989220147e-05 0.000291566534520838 0.0044986771862165 4.28741274751577e-06
"100262" 0.00327571419557239 0.00168243564809649 4.48533071721062e-05 1.99098736690401e-06 0.000409292657747724
"100320" 0.00366828589245074 7.55909341940363e-10 8.60078049592337e-10 7.61041291492442e-06 1.34932072117382e-09
"100437" 0.00402911004456451 3.83606040059027e-07 2.93454777511097e-06 1.27559724670572e-06 1.13913223436384e-05
"100470" 0.00269059723180665 0.000752830141385296 0.00164746563030062 7.06374439253301e-05 0.00131753789494691
"100506" 3.0897985168619e-10 0.00354656755597616 0.0010080054804765 5.58028411031395e-05 9.19087486877567e-10
"100523" 0.00444129332071532 0.000131501022749714 6.24069098743109e-09 4.14275966947881e-05 0.000429880075603423
"100618" 0.00597331279465246 1.22367982442453e-05 2.95030909799692e-06 1.24362767077437e-05 0.00011801447472877
"100857" 0.00596891665393371 1.22494889175365e-05 2.30763812682392e-05 3.54721521052416e-10 8.62713326066437e-10
"102020" 0.000138480606254647 0.00305882918450863 0.000323777936231649 0.000100100017033739 0.00981459154234003
"102035" 0.00369164621296974 0.000871437101474818 3.38590777773196e-05 9.4658142410223e-10 7.43535228710446e-10
"102118" 7.73752814763813e-06 8.29557152554029e-06 1.15671142117522e-09 0.00539360542988339 1.00548112340694e-09
"102132" 7.42431168665984e-10 9.29031369161497e-10 0.0108610061401372 0.000388181362396531 0.000305662290418868
"102133" 6.24991454624728e-05 7.56294019674887e-10 3.01692104710944e-05 5.27791252518263e-05 0.015455420333098
"102209" 2.32567948031459e-10 4.73615446761946e-10 0.0043166010229124 0.00398563090544177 0.00250991706970222
"102255" 0.00253944865339475 0.000444469764960714 4.19910963070237e-05 3.78147019660809e-05 1.31248292699069e-05
"102269" 2.39439323348483e-10 8.73459804659556e-10 0.00448321754897768 0.00032021538295372 1.07864604623762e-09
"102277" 3.9430745631747e-10 0.000979910035783588 5.78049318531114e-05 0.000116658691888963 0.0030232967854712
"102285" 0.000101617324508074 3.56979304773232e-09 1.09476243460709e-09 0.00103062678505069 0.00217719964879559
"102290" 2.88168034810445e-10 0.00120386138275058 0.001225809788028 5.48764548259215e-05 2.1718799664125e-05
"102292" 4.45181391743577e-05 9.02999773735859e-10 0.000155447413070986 0.00258043963292841 0.000265213004967257
"102297" 7.53224760689094e-09 0.00222504707439398 5.36863352146272e-10 6.17503836402795e-05 0.000988505049123238
"102315" 0.00241037125223625 7.15476197371045e-10 7.58124907699617e-10 1.59910194814986e-09 2.64688293703454e-06
"102324" 0.000467668834935204 9.10505036787336e-05 5.72344061452173e-05 0.000176052036130865 0.00404074197518655
"102326" 0.00178877192541291 9.30576275955839e-05 0.000153754731023321 2.58121774517513e-06 7.88817264721194e-10
"102341" 6.5065222173857e-08 0.000112228354615905 0.00382710669780687 1.03862110345986e-09 7.64887260923393e-10
"102352" 0.00200810910287266 0.000294753467742857 5.65505450086836e-06 9.83663274723734e-07 9.18287255981577e-05
"102358" 0.000549970652708172 0.000396515437181383 7.78387650509573e-10 9.36768257567671e-05 0.00650511941010506
"102362" 0.00259811944856447 6.82777035565943e-05 1.61695164408989e-09 9.49995050830837e-06 1.19553769566756e-05
"102363" 0.00456103978735539 0.000148849580658309 1.44871820671618e-06 1.40559589911246e-05 1.31682607142117e-05
"102380" 0.00375434922792525 0.000780316806814255 0.000272391806968762 4.03377627088133e-05 2.63544436081347e-05
"102402" 0.00140124715588329 0.00230049134632144 0.00104846714574594 1.54034520425921e-05 7.93648283682239e-10
"102415" 0.0027561905793093 3.49911516518185e-06 1.6779622267221e-09 2.13264659655295e-06 8.95259808791883e-10
"102424" 0.00325839648622036 6.7000800342118e-10 4.9424622629243e-06 3.45074113311758e-10 5.88951141869195e-06
"102425" 0.000660899501682238 8.67801130429631e-10 0.00270819540726091 3.71009307341045e-05 0.00184377242619132
"102432" 0.00451961725744212 0.00021871152732282 0.000143921194948168 6.16776589882469e-05 2.66445493477273e-09
"102461" 0.00365371647607276 0.0009056013282128 0.000137746465199398 6.43775734638037e-10 8.34674515982249e-10
"102462" 0.00114958287293592 0.000952530616641694 7.27700047390351e-10 0.000899649150285899 0.00285207065938223
"102463" 0.00213619468477336 0.000831405319122032 9.78855905506327e-10 0.000164144521656559 0.00371753636612087
"102464" 0.00264474596263017 0.00303284428619085 2.61237081782303e-05 2.24431951563951e-05 1.61145733722766e-06
"102472" 0.00343318941226088 1.30549212132524e-05 0.000540387168959221 5.85234069364026e-06 3.44307927473161e-06
"200163" 3.41387892014557e-10 6.31254874853038e-10 1.86128932627511e-05 0.000114181022513735 0.00750101271444461
"200164" 0.00387427560157731 8.7619740234415e-10 5.2168536659487e-10 3.85870502431271e-10 1.34372659351868e-08
"200169" 0.00246185702540125 0.00235944875999326 9.32812483158858e-10 2.69996072454929e-09 0.00849244918914962
"200206" 0.000832212671604011 0.00213716204648739 0.00106716566099903 8.5532342308669e-05 0.00324997809574333
"200213" 2.46004147419672e-10 0.00116004053881904 0.000242564874942987 0.00390843506752972 0.000674280557250205
"200233" 0.0007759971070605 0.00264326393477036 6.6255865027735e-05 0.000608768004705195 6.41940702385205e-05
"200260" 1.76370528452532e-06 6.90713875688765e-05 8.32281960014646e-05 0.00260744700950911 1.12529659448943e-08
"200265" 0.000698605813047786 0.00108333804068874 0.00118124458543726 2.95326948899638e-05 0.00226230758077342
"200276" 2.38840458922633e-10 4.94562452062185e-06 0.00125628747312711 0.000564059644457624 0.00606774974364032
"200278" 2.95877035205321e-06 1.69610337999228e-09 0.00133653356311637 6.90910185966221e-05 0.00401334450605615
"200318" 2.32364523223077e-10 0.000399147526043381 6.85035658035704e-10 0.00154496321506517 0.0084597378905238
"200341" 2.47522823828523e-10 0.000510707860597144 0.000151801103411761 4.5893723973057e-05 0.0072437501795246
"200344" 0.00410510745653758 0.000106148906491803 0.00048029167452261 9.87528579464452e-05 0.00080537182309051
"200345" 0.00283066083188045 5.82239129403458e-10 0.00195474009362279 0.000141083396000859 0.0026132452952401
"200346" 2.73157546819115e-10 0.000199995660043228 2.26608756615146e-05 0.0019679714386261 0.00748854535559077
"200351" 0.000132380886510276 0.00583794845133908 0.000836859270319651 0.000186518590917814 8.4738866487368e-05
"200352" 2.40238650235785e-10 6.14739071295329e-10 9.83700920571021e-10 0.00035143238048074 0.00708955582919879
"200362" 2.85374443868758e-10 0.000504914178431204 0.0036836062140651 0.000125405751626702 0.00322393466271784
"200403" 0.00041947714776123 5.0235964459579e-09 0.00347267941744597 9.42491239921667e-05 0.00188064348248101
"200411" 7.11211132522862e-06 3.68338683711101e-06 0.00308558858533342 0.00356803601582094 7.23859117881094e-10
"200415" 2.58452256752995e-10 0.00028600555323483 0.00330730223615737 7.34877483586252e-10 0.00126908359308899
"200450" 7.82767404232711e-10 1.54665365020024e-05 2.24627864714876e-05 0.000465924478321785 0.00758537301811411
"200451" 3.74419541311028e-05 5.5988169124209e-05 7.64524843994999e-05 0.000367924085258579 0.0049537213122097
"200453" 5.12779520981861e-09 7.53466984048305e-10 1.01827809715885e-05 0.000495730842126106 0.00720086804063702
"200454" 2.3318002198366e-10 2.53074524399628e-06 0.00233754482569606 0.000108879102884287 0.00320996092361981
"200457" 4.84927528591811e-06 2.71980994885595e-09 7.94117323986841e-10 0.00438253527613526 3.89790610433138e-05
"400635" 2.68413872321711e-10 0.00146039523782364 0.000314245010554623 0.000921474035867526 0.000902226927693248
"400663" 7.59799834681255e-05 0.000133143315224881 0.00658316650550128 1.46196979185838e-05 5.49749095789234e-05
"400925" 0.00411412497987649 5.98178374673226e-05 5.25442844906515e-06 1.52761605726961e-05 1.26593935153042e-05
"400978" 0.00149004881029527 0.00366040972918864 8.15419809062383e-06 7.99033228818617e-05 7.45675954182875e-10
"400993" 0.001124226808185 0.00414597191934191 1.53951863462045e-09 0.00069929051679452 3.21655298765442e-09
"400999" 0.00188152727301985 0.00331817126526026 1.05559371054721e-09 0.000165705821482563 0.00129204957314472
"401007" 0.00317610614004823 0.000247502361606913 3.48665369891928e-05 1.29827707086699e-06 1.72392561156876e-05
"401012" 0.00328682507659398 1.57698399356082e-09 2.5394144234557e-06 1.04630569964783e-07 6.77311745969412e-10
"401022" 9.32251130831015e-05 0.00770529666505778 0.00083368684299298 0.000156982961658793 3.84217235223255e-06
"401030" 0.00500170542753097 0.00026634661706896 5.62830998393479e-05 3.30061952136726e-06 7.92742800055636e-10
"401060" 0.000820589158408977 0.00452780019342022 2.37720104048379e-05 1.62884254497071e-09 0.00013119108944147
"401070" 3.70921870426342e-10 0.00486347140432206 9.20974952318888e-05 0.000327436002138539 0.00126772808463514
"401071" 2.88440812505374e-05 0.0024126606279844 0.00202167367532464 0.000178748154891042 0.00135906444265489
"401074" 0.00134097074138631 0.00179992802087601 0.00130396186565693 5.66863220522269e-05 8.39823947572501e-05
"401075" 2.47105843154847e-10 4.75608347022867e-10 0.000445856945448441 3.74143982364098e-09 0.0056033868390795
"401084" 2.32873068587438e-10 5.70758059045023e-10 0.000445579576505982 0.00368312256454917 1.39941704948735e-09
"401090" 0.00211752484308042 5.59212953902033e-10 1.49505380437603e-06 8.11334992744761e-06 1.20854228838015e-09
"401117" 2.38623180656436e-10 1.506150271978e-06 0.00171711041100546 0.00408815083238472 9.98221930719063e-10
"401201" 2.353041854319e-10 0.0141923111705544 0.000296576164237001 0.00021445422857366 8.82263397402696e-10
"401544" 3.69610734818522e-10 8.96838312695761e-10 0.000730632824843659 0.00262953847408598 0.0010437964207222
"401565" 9.00732354197506e-10 1.09623412020545e-06 0.000244244242587204 0.00257428313415009 2.49702524379241e-05
"401574" 1.95824093742155e-05 1.79727206737417e-08 0.00236601587995002 0.00469913020394245 5.99934709227117e-09
"401600" 0.00523342681075218 5.5757663907228e-10 0.000116416688080654 3.67053526753116e-06 7.78106830159293e-10
"401634" 3.79558989244216e-05 0.000332470208804805 0.00368251225520487 0.000495927884571065 8.79356305813134e-10
"401647" 2.33662618403072e-10 5.0451513909359e-10 0.000398500018612674 0.00230491537559158 0.00230635012438938
"401694" 0.00235818243548021 2.96041832501767e-05 2.96204914197361e-09 0.00201311094367008 0.00257882117134129
"401729" 0.00309819115434383 0.000322579671577024 0.000617512066778641 7.07595947402501e-05 0.00166092750690752
"401763" 0.00157819357964578 0.00154983067915243 0.00138662913475366 5.49206965665449e-05 0.000442331436144685
"401794" 2.63174563815656e-09 5.28535518350074e-09 0.000920526998592434 0.000175685279269558 0.0106254487905393
"401808" 4.64272021011769e-10 7.66596985156071e-06 0.00443219899394847 0.000823502994182134 1.42843198754838e-09
"401861" 0.00175985175506307 0.00177058671467293 0.000240217450345952 0.000196564778997251 5.45310035007475e-05
"401868" 2.88702668346699e-08 4.89921610738185e-10 0.00219553149984769 0.00482689164351278 5.99028467811899e-07
"600038" 3.10655012091036e-10 0.00234075038849957 4.67351281254905e-06 2.6971857774384e-06 2.24333695007681e-09
"600081" 2.40713301763554e-06 0.000150213554712624 0.00050849555862647 0.000767820168962292 0.000867859402644557
"600104" 3.01994204395233e-10 0.00300156839255144 5.98936616392732e-10 3.42707385306641e-10 6.66127584004994e-10
"600134" 1.47045045478162e-05 0.00253060563127227 0.000236271371445948 4.32494190588875e-10 6.2336484224139e-06
"600227" 5.02072415398091e-05 0.00340153021268513 7.12112714010196e-10 0.000917423503531076 2.51137767535987e-05
"600458" 0.000147522534894809 0.00775986236877021 0.00173699024731386 6.40200927210906e-09 1.84120677797771e-09
"600672" 1.70121537633192e-05 0.00293306164292855 0.000413326938791463 1.46202459362906e-09 1.17996441680534e-05
"600698" 0.00128821993380402 0.00471591710970626 0.000182907531624253 0.000582120308803106 8.2671940172342e-10
"600711" 0.0008298294239564 0.00279159599304143 0.00110496746382558 0.000136968365144003 0.000172026348905322
"600751" 0.0018406029446271 0.00121756755733873 0.000400689792405533 3.29263761809832e-05 0.000141451605083603
"600752" 0.000247727578165177 0.00203567974743629 0.00011951584239453 2.66912076539002e-09 6.9681411474068e-10
"600765" 0.00597250327161553 0.00418236518020427 0.000692780614937484 6.23604712405226e-09 6.85322858025229e-10
"600767" 1.31771448085251e-05 0.00690784894533289 0.000850033288284826 0.000335543310048028 1.49408432693768e-09
"600786" 2.32380673686838e-10 4.71699204076631e-10 0.000480081912055359 0.00362253416180758 0.000144203993020352
"600792" 2.32317947993602e-10 6.2655898727438e-10 2.27686221689309e-09 1.51347263590071e-05 0.00481388352934072
"600797" 2.66016211372063e-05 0.000866897271295168 1.37500907847395e-09 6.45021917549104e-05 0.00391952337959635
"600799" 2.35573279441919e-10 0.00257029912816499 0.00041387214893597 0.00111403114055798 1.04714221081465e-09
"600809" 5.57574081812172e-05 0.00508388022905427 6.24366635298445e-05 0.000173022732400827 0.00022459470180252
"600823" 2.73510399192329e-10 0.000245275821833313 2.61645296210278e-09 7.05317785667668e-07 0.0103635382585482
"600826" 3.80091376844069e-06 0.00159845493512144 0.00158258820535938 0.000404714430056628 0.00546458952888257
"600830" 0.00343453603794421 5.09155477346351e-05 4.19967869717101e-05 8.9482439375039e-05 9.99844202296784e-10
"600831" 2.49436735463637e-10 0.000911271837461603 0.00234808917460122 4.916553344387e-10 0.00199723766117139
"600846" 3.0482255082829e-10 0.000105678401901419 0.00285748958121486 0.00145238725568425 0.000374943121245423
"600867" 2.44966899054237e-10 7.19680086258379e-08 0.00223670165283035 0.00196295402516039 0.00104201181381557
"600881" 2.90224158830062e-10 0.00759352583379023 1.06853336181799e-05 2.61343265371055e-05 6.685119097003e-10
"600909" 0.00394195852938384 0.00203588652683282 0.00091872998658281 0.000579318105952043 0.000920602318677356
"600915" 4.10192976960742e-10 0.000229185803928487 0.00678734659317544 0.0012041434886434 0.00030879673417824
"600917" 3.44325270532992e-10 5.93109631033019e-10 0.00701102450317152 0.0019468424200667 0.00173343592946519
"600949" 1.12722006038254e-05 1.44959776318524e-09 0.00900942329112567 1.90496144954398e-05 1.72167009033466e-09
"600953" 2.23837534709586e-05 0.00306684860727315 0.00740872206626277 1.99947339469162e-09 0.000662422334373474
"600967" 3.03904244360204e-10 0.00357382188489112 0.00169586497731939 0.00326007609286093 0.000422748032034963
"601017" 0.00382230533461089 0.0049789477256351 3.2794855174581e-05 6.13364162754873e-05 1.24803048485145e-09
"601021" 8.78859341456357e-10 0.00112775391029814 0.0109120143882392 1.31942798655064e-09 1.4093636347247e-05
"601044" 0.00429972089693022 2.86802810255257e-05 5.06136994962525e-10 1.95740528345456e-09 6.95366471868583e-10
"601047" 3.63100794305038e-10 1.10802182569095e-05 0.000698761341891472 0.00554688272489164 1.89463394572924e-06
"602305" 4.20632679612624e-05 6.72691242973036e-06 0.000344069340291586 0.00182553494598797 0.00194383060873373
"602363" 5.67425646400459e-10 0.0022031930354262 0.00639591241389834 0.000427890795414679 1.06486077673721e-09
"100298" 0.00391184868334182 0.000622060560014093 5.35737119753329e-05 5.99902233753579e-06 8.37718606453717e-10
"100457" 0.00281108135863912 0.000452181468493814 9.2403264238549e-05 1.73689829973689e-05 7.08216929158843e-10
"100505" 0.00350768436552074 4.20491909917904e-06 7.09066256253289e-10 0.000115154970236173 8.0641601951613e-10
"100856" 0.00389927296602897 1.29571303913474e-09 4.76545575984478e-06 3.60690838211318e-09 7.22719104906425e-10
"100894" 0.00013723496499568 0.00716151406579996 0.000173350606750184 0.000336970896073544 0.00099038943929825
"102051" 0.00259110569458361 9.46388699138181e-10 2.87111225070305e-06 6.75921272058351e-06 5.2276171628995e-06
"102124" 0.00395808456372458 1.07017064248447e-09 1.57631164541486e-07 8.6291015486874e-06 1.01323077939417e-09
"102169" 0.00223679728992036 0.000558754570373084 7.47787389477705e-10 3.246710652642e-06 3.53028671387023e-05
"102226" 0.00333239811257285 5.19893814373911e-05 2.80443937816142e-09 3.15616816086804e-06 5.48176727136422e-06
"102276" 0.00186581371183651 0.000285141885746925 3.5878457348589e-05 7.14203620954506e-05 1.79473015479674e-09
"102291" 0.00215928854499229 9.26941212874689e-09 6.05599677788538e-10 3.69296644826292e-10 8.5359870700955e-05
"102316" 0.00121676441433559 9.86688777832224e-10 7.65337684446826e-10 2.54044435056359e-09 8.17276841197959e-10
"102320" 0.00250788576831654 0.00015982081631812 4.41333008822484e-05 0.000685566515027577 1.49154047999911e-09
"102321" 0.0023884899128287 0.000400762188840321 1.76293650734878e-05 3.73039169177413e-10 8.38441516989303e-05
"102357" 0.000747631609335221 5.33874961413475e-05 0.000204526624650226 3.9821739894365e-10 0.00419074625754804
"102379" 0.00340311134515215 7.75277430537677e-10 5.46574143253903e-10 3.39508426275745e-10 6.53885553215889e-10
"102406" 0.00110335416819101 0.000223430035096979 5.61977117036359e-10 0.000391184058014972 0.00929692029259319
"102412" 0.00312796722544442 5.4262765551784e-06 5.16742249271469e-10 4.58450396489685e-10 6.68310391079273e-10
"102423" 0.0035806820110303 1.79710262860442e-09 5.43775971867519e-10 3.39611896581657e-10 6.5504729653199e-10
"102434" 0.00198106788034811 0.00243858276493979 1.58059607430798e-05 1.43804245451498e-09 0.000233351593210911
"102435" 0.00185321643633797 0.00282232804189002 0.000421282320638443 5.71955597536629e-06 2.81324907768072e-09
"102449" 0.00293645486219322 5.14994485948866e-05 4.03028589288621e-06 1.42132423286576e-06 2.66154852151096e-06
"102456" 0.00154423748552397 0.000842656075400299 0.000396167545576318 0.000102310357887403 1.26065321339964e-09
"102477" 0.00245452841041662 0.00107288988978866 0.000255690936845343 8.14529899601663e-10 0.000135556940299593
"200127" 0.00866355858573434 0.000127694744879266 8.84628829377364e-05 8.06278394262583e-10 1.28469190820759e-09
"200160" 0.00750072977813066 0.000498676925078047 0.000277658277292407 0.000948069372570884 0.00307394130119994
"200161" 0.00728385965109533 2.28040210185457e-05 1.8122048592563e-05 0.000108341012571708 0.00316669630702752
"200166" 0.0025125909280401 0.000902006060833051 1.5283593502224e-09 9.0857941587713e-06 7.17028558348191e-10
"200201" 7.75074520922445e-05 0.00136209961707479 0.000806255049847826 5.66219005719051e-10 0.00203414475525218
"200209" 0.00337588318965015 5.85678568419938e-10 5.17486398049421e-10 0.000561128648184396 9.8832695172566e-05
"200210" 0.000574587739452502 0.000548038347123635 8.52673319796409e-10 0.000169149806595772 0.00535724957491058
"200212" 0.00308725872912202 0.00186095474864574 0.000336626015891816 4.47767886090414e-05 8.06181528537750e-10
"200216" 0.00188117603546341 0.000775004930522668 4.79795020491434e-05 1.94721290101004e-05 0.00137343352325954
"200218" 0.000449538752103168 0.000969199332165944 1.48090846303403e-09 3.22890420616215e-05 0.00151663299117045
"200221" 0.00386367795129473 7.39309220018917e-10 6.34918191311151e-10 3.94508255819379e-06 5.06442261792813e-06
"200272" 2.35313055543575e-10 8.73006410458195e-10 5.77915204774568e-10 8.45607206032509e-10 0.00558479861772863
"200273" 4.98847563431607e-10 0.0013781684356801 0.000302095410576891 4.11511433985785e-10 0.00281901373422851
"200285" 0.000675111615605955 0.00284187254786283 0.00113928000833694 0.000127731974295218 0.000228781242528587
"200320" 0.00323249919770044 3.19614566419087e-05 0.000234445642058108 0.000181911741572686 9.67076320386715e-10
"200334" 2.19890861490525e-07 0.00800880227681841 2.83384015133955e-05 0.000114402715040244 0.00041598480368925
"200335" 3.01175301967648e-10 0.00472008591095689 0.00029874664598055 0.000101413096284471 0.00293170140046982
"200337" 0.00380848595973916 0.000266416257849085 0.000711277039421689 6.76173354645802e-05 8.29167920821418e-05
"200339" 0.00399616756532804 0.000775279249819828 6.82676472588357e-10 2.65074514062024e-05 7.33062208852308e-10
"200340" 2.40743102161711e-10 0.00273199140463112 0.00101162499704585 4.04451539002789e-10 0.00317478561910863
"200353" 0.00136048884027894 2.1612231584165e-09 6.23189514437492e-10 2.41350617006671e-06 0.000213055372833823
"200400" 0.00291078027433595 0.000574348671183162 3.07261854175678e-05 0.000121829695246875 7.4846059898437e-10
"200416" 4.93465128242341e-10 6.39821986679327e-10 0.000651088987034164 0.000604504030688832 0.0036402257466521
"200417" 0.00319554163020142 0.000484041898832541 6.11679972249542e-10 6.43910883489533e-10 6.89370360068236e-10
"400555" 0.00651748276567217 1.52546123897369e-09 0.00100870844883197 4.63017280687802e-10 2.63828628882411e-06
"400632" 0.00333201340696122 0.000177280337286339 4.35761793857592e-05 1.70706488989884e-05 5.4786413981711e-06
"400641" 0.00298273939204484 0.000387325615694095 5.84602958867321e-06 6.39973097419311e-05 2.64690057401063e-09
"400878" 0.00440874974561074 1.95274519648947e-05 6.07787100150871e-10 2.3530698891558e-05 1.25165903557437e-05
"400882" 4.79247618123873e-10 0.00305969151893873 0.000184897148307983 5.6796828430945e-05 7.86254188231566e-10
"400964" 2.37557696777074e-10 0.00286052872802177 0.0003011215969233 0.000124745557154466 2.76843881652769e-05
"400974" 0.00183690857007598 0.00198264075051905 0.000143933146061019 1.61306647237196e-05 5.56221517320889e-09
"401008" 0.00401504263168719 3.24812066710837e-06 5.92814827838232e-10 2.92271432149946e-05 2.15841028743547e-09
"401032" 0.00492647214128872 0.000108832930059554 7.97649039261324e-07 1.63840471180792e-05 6.26403294844586e-06
"401061" 2.77963386855386e-10 0.00676371490717909 0.000424020353395569 0.000106065662811978 7.06668346280992e-10
"401064" 0.00171625520680132 0.00276845114395431 0.00142625129486216 0.000223462771736406 0.000139080054543811
"401065" 0.00421465574749096 3.13098483158394e-05 5.71918944423446e-10 8.26243160996588e-10 6.83885004116696e-10
"401077" 0.00260195629453696 1.31603530784305e-07 2.46764553428253e-09 3.43651821850347e-10 8.1518007907834e-10
"401096" 0.0023790184896861 8.62687775999328e-05 1.15350311257818e-09 4.43622703442305e-10 6.35732634492144e-05
"401106" 0.0033263473717538 0.000314031612608277 0.000116643331872373 0.000221254259785424 1.77662257140595e-05
"401116" 0.00301697140720775 7.95784678564078e-10 1.02900753399598e-09 1.57801419525741e-05 6.87020238245654e-10
"401120" 0.0034393885565618 5.01254297254346e-05 5.43743157894908e-06 6.33616898796953e-09 1.23759921414956e-05
"401125" 0.00427684134569326 1.10460133776609e-09 1.13973717327308e-09 9.70204744958299e-10 7.66143838092178e-10
"401147" 0.00330861533353169 3.59548287412163e-06 7.29146239907485e-10 5.68731614691966e-06 7.80465810547699e-10
"401236" 0.0030867460266623 2.3613054228261e-05 0.000634945892541702 0.000758082871798258 1.13663030421899e-09
"401520" 0.00252787980555375 0.000159140098555121 4.14368611252436e-05 0.000103727979393849 3.92473838374779e-05
"401553" 0.00214969329875563 0.00112559076296815 5.32701922513044e-05 9.75890400169138e-05 1.22298234977909e-09
"401593" 0.00551277809617033 5.69404342480021e-10 5.93442715033633e-10 3.55224136089386e-10 6.7718868986972e-10
"401638" 2.8635877264178e-10 1.04953440261968e-09 0.00340428854724042 0.00216976990188787 0.000285847518404656
"401659" 0.00121509145410215 5.5058876586946e-08 0.000168108166563236 7.50340586471689e-06 1.34037638221793e-09
"401725" 0.00453611692564521 1.40248413182774e-06 5.53772037620845e-10 1.69587046364133e-09 6.42344686612768e-06
"401732" 0.00519885104878244 5.95563555748303e-10 5.95204023014017e-05 0.000157964346076835 1.91594810015999e-09
"401743" 0.00247228339457002 1.56075368957649e-09 9.08668708067472e-05 4.29213734345216e-05 2.70223954892231e-06
"401858" 0.000170211654740946 0.00364803114665009 0.00200568694257503 0.00128448590452131 6.81448747576785e-05
"600011" 6.81127312346888e-10 0.00142276235139647 0.00157851032028576 1.16483412098516e-09 0.000268824636359519
"600028" 4.39414475375657e-05 0.00370953680765953 1.65427610746513e-09 3.95616388282469e-05 1.07788691962133e-09
"600132" 2.45987061408395e-10 1.96596195603263e-05 0.00013256356223925 6.72387097722992e-05 0.0034975976245951
"600621" 2.33789995611352e-10 0.00297960665349263 0.000644957174272024 3.90155189510103e-05 0.000731771744842903
"600654" 0.00553965259578246 0.00024454404371197 0.000365617643589303 5.36151197329635e-05 8.58063046119423e-10
"600783" 2.5607702529703e-10 1.7934625025269e-08 0.00266088471102887 0.000333781838909218 0.00472907862967235
"600955" 7.41809818956419e-10 0.00160276375148128 0.00171693403198364 0.00158850802326694 0.00357920473440966
"602055" 0.00265285515049573 0.000100196878491175 2.37894652312214e-05 5.10053848537653e-06 1.10100392393585e-09
"102157" 3.25719905010731e-10 8.52850631718139e-10 4.58920374445813e-09 0.000273755314003078 0.0111168807240861
"102180" 0.000656075986853037 5.33927591228814e-10 0.000857421327104676 6.0577308388351e-05 0.00415260961819194
"401568" 0.00058360873752937 0.000239980514190393 0.00121388635837345 0.00145777714675154 4.00074732542754e-09
"401632" 2.382943077787e-10 2.73995137966065e-06 2.10472688531269e-09 0.00340762863220573 1.22989049032231e-09
"600638" 2.86730089715815e-05 0.00131027636255726 0.00622626588531598 0.000316653307300121 1.75986368858526e-05
"600763" 0.00535404494694836 0.00575325426449028 0.000255138045217671 0.00239268121513988 1.03658551517028e-09
"600956" 0.0040817715171342 7.2422921703705e-10 6.36702922699934e-10 1.52233622451948e-05 6.78542951857853e-10
"100267" 0.00368389202576495 0.00138665588365386 4.74197821360977e-05 3.31868529393138e-05 0.000873999966759014
"100293" 2.49631040499048e-10 6.4805861720255e-06 0.00366500970933457 0.00169319889009806 7.65669136802229e-10
"102248" 0.00367703891856199 1.29211710153446e-09 4.60826795771894e-06 7.86348731020359e-06 6.90494209959157e-10
"102261" 2.79266488369617e-10 5.4964311221607e-10 0.00568323174348679 5.44431242000997e-05 8.01636487190867e-10
"102404" 0.00367078827648878 0.000421822943303359 2.85573062052025e-05 1.79149288985403e-05 0.00279106166974372
"102491" 0.00108750966516096 0.000747652246493735 0.0012165064967631 4.58199968518758e-10 8.15096045099461e-05
"200138" 2.5264780200185e-10 8.07190021913063e-10 0.000327382357392797 0.00243385805734565 5.02720820775759e-05
"200200" 3.78544315201494e-10 2.54919233344148e-06 0.00348052956920968 0.0024586329780068 1.33471422224763e-09
"200294" 5.51927984401297e-10 8.62347997543365e-10 0.00059849876629414 0.00459035156049948 1.66951403018681e-07
"200348" 2.44013976329912e-10 6.87694582133623e-10 0.000274398045958235 0.00559774732738004 0.0010773454424845
"400633" 3.62477253576829e-10 1.45276312065597e-05 5.1836890493085e-10 0.00398906859979164 1.67837260105253e-09
"400967" 0.000942166846956581 0.000454681157156279 0.00189038705082101 0.000129467158495155 7.26841373365645e-10
"400977" 5.89917969822827e-10 6.10975432272189e-10 0.00351615834306572 0.000184499564409766 1.74642047763743e-09
"401024" 1.22376414927398e-05 0.000149376827997049 1.75473066968815e-05 0.00441222484049629 4.92255596665202e-06
"401144" 0.0029690105418214 7.5002717540192e-10 1.48775232833768e-05 0.000383066188404917 6.54798044099014e-10
"401420" 5.31973983841411e-05 9.40517806157736e-05 0.00454536292723827 1.59991988478582e-05 9.11758724394413e-10
"401559" 5.30019625391092e-10 5.84577157871554e-10 0.00219373746953286 0.000821380828858955 9.5156978377501e-10
"401759" 0.00174661520642386 0.000108461268730215 1.81915115016342e-07 5.38432541682849e-05 8.7897006429431e-10
"600341" 3.28133126406797e-05 0.000336244725835922 0.0100979672836237 1.1984467236682e-05 9.55221960974052e-10
"600684" 1.22536738766043e-09 3.48442412722048e-05 0.00938816134625185 0.000430852012730274 1.86952853627453e-09
"600744" 4.47284626478672e-10 4.89347530940356e-10 0.0019225794701638 0.00144043708915238 9.13872786855631e-10
"600811" 9.70947203180792e-06 0.000104064842271759 0.000162421659216679 0.00533377183451328 1.6302707179494e-09
"600835" 0.00169406194756617 0.001066750289987 2.91386558936279e-05 7.45790656650184e-05 1.35609266703856e-05
"600876" 0.00269965379275612 6.5735567582467e-05 0.000351376233894652 1.10997709858056e-05 5.46079763777642e-05
"601059" 2.32799873422156e-10 9.96778705421841e-10 9.34334673521834e-06 0.00474235465119864 8.46866268956351e-10
"602054" 0.00366023933646429 0.00287127677935539 0.00015455791986081 7.85288604437934e-05 7.65936751801687e-05
"602220" 3.17309951601255e-10 1.97508366991611e-09 7.06888367490422e-06 0.00579756629677607 8.28228230030592e-10
"100353" 0.00461502562431413 0.000270120725164684 2.79248728881729e-05 5.7037856242585e-05 1.13719585740063e-05
"100552" 3.64952860307438e-05 3.85010501559449e-05 0.000448464863549198 0.000155261471667264 0.00823477432854213
"102270" 0.000118959026846253 0.00133827093635753 0.0016324283169083 0.000357801946215766 7.95529916247088e-10
"102317" 0.00232801165349568 3.82708758421374e-05 1.28067657003446e-09 5.11302036190984e-06 9.12786611682244e-10
"102329" 0.000211044845045798 9.09596439848014e-05 1.07447089855799e-08 5.88668947634538e-05 0.00433650351425253
"102448" 0.00475368375426552 0.000502667706812257 4.56847143576114e-05 7.87075344562822e-10 2.52484093956576e-09
"200181" 0.0010239784592105 0.00311945586670862 9.18498325629659e-10 0.000145992540276356 1.61658806569598e-09
"200452" 0.00154791863650136 0.000136318080654288 5.32433599967569e-10 3.99451781249068e-06 0.00105265175471274
"401000" 2.89729227068801e-10 0.0024739102839454 0.00276054787982918 0.000286017302722491 1.45495424956002e-06
"401021" 0.00129041735536898 1.60433562857391e-09 6.8492879126321e-10 3.69346487132233e-10 6.9855135503563e-10
"401081" 0.00419842396336559 4.456443976762e-09 8.80889165856604e-05 6.75470515595894e-05 2.67886740748195e-05
"401086" 1.05367309020535e-06 0.00175505749578143 0.00137945376369205 0.00197491308922139 1.54238509042104e-09
"601007" 0.00220262183548882 0.00544578075058924 0.00204054346069096 1.61069538376615e-05 7.80855922002534e-10
"100476" 2.71261051112485e-10 0.000783805804771328 0.00332302179550218 0.00115996603074053 0.0100252668432015
"100510" 2.74361838618823e-10 0.00121090421562595 0.00211650657243883 0.000411592137060785 0.00391106956356443
"100513" 0.00273767720695756 0.00129530351476968 2.84239939466474e-05 0.000620605433642855 0.0004007387358712
"100515" 0.000284370042910859 1.09294206521301e-09 0.00048564491122743 0.00429151536480892 6.85577575942341e-10
"100537" 4.98268280536525e-10 5.63515518781732e-10 0.000129831286780798 0.00556012775436463 9.96106986941768e-10
"100704" 2.44381694224983e-10 6.32229039985924e-10 1.31320331795496e-09 0.00597806627310721 0.00419038711840009
"100852" 0.000143273917714784 6.49193205213281e-07 0.00714314878813071 0.000453861172056945 0.0024162769304582
"100855" 0.00451331049912852 0.00176215390202546 3.71941122377078e-08 1.31536188180399e-05 0.000118122421963456
"102017" 2.08709456119457e-06 0.00388996767578341 9.17757653746232e-06 6.61089349573129e-10 0.00528830924395233
"102158" 0.000597737482349162 5.85420674784329e-05 0.0134083411677679 1.65119420103755e-05 2.27031136329262e-05
"102235" 0.00229037291576768 2.95793866779932e-09 7.66144908072833e-10 2.19142768453632e-05 8.46662597567972e-10
"102260" 9.11393869983042e-06 0.00309106551412164 6.35133542185653e-10 3.56439569565852e-10 1.18340460216292e-05
"102265" 7.68266278391908e-05 3.71674161628898e-05 0.00141188709208169 0.00331412646511138 0.000109748099511758
"102295" 0.000246014683336529 0.000110916350839606 0.00177218733126063 0.00048984027679708 1.11660876000392e-09
"102349" 0.00266701112539323 0.000225636963595536 8.02269484564791e-07 7.77253154644506e-07 2.36839109239737e-09
"102385" 5.69209198520067e-10 6.61376876751767e-10 0.0064201136757027 0.0024384384890447 2.97159870396536e-05
"102429" 0.000635976050901998 6.62176796232063e-05 1.60684345942232e-05 0.00229977961558686 0.00271559900228942
"102430" 9.43165439317165e-05 0.00257076207693278 0.00190601178975017 0.000316928340624745 0.00131275659995938
"102453" 4.83327516812655e-06 8.13713948291459e-10 6.54275135351018e-05 0.00651735519155102 0.000622804610703183
"102469" 0.00285911202936814 2.95842909343878e-06 0.000104033125630498 1.10061505017906e-05 5.16090805589672e-05
"200142" 4.38105841270382e-10 1.50017552631292e-05 1.48199578271604e-09 0.00552407998390473 8.49261580733413e-05
"200185" 2.45404667701094e-10 6.01730052596261e-10 0.00391569704493368 0.000523477694822983 1.07167210967568e-09
"200309" 2.77496149676967e-10 8.09628015767598e-10 0.000390054716344633 0.00132989347415922 0.00980403983951568
"200327" 2.32338791789428e-10 4.67200981287294e-10 0.000153596903012571 0.00889604155503011 1.14794072368116e-09
"200349" 0.000530724196384996 4.96482228920836e-05 2.75319404143341e-09 0.00469725028447824 8.6409640634108e-05
"400877" 2.45215158230121e-10 1.52982066790314e-05 2.15399501551009e-05 0.00434453261185906 7.05953325846789e-10
"400879" 3.23011352419032e-10 7.0582715286121e-10 0.000854986567792196 0.000933011465607604 0.00624012564779172
"400979" 0.00154476222046236 4.90415368269125e-06 8.18598741846686e-05 1.63899815196814e-05 0.00150168602073202
"401004" 0.00041108521754179 0.000466924027730584 0.00197727582910316 0.00118278338352722 0.00268409271648699
"401016" 0.00186234209435237 0.0029082928589013 6.97340476358752e-10 4.00125933464728e-06 6.84152005891872e-10
"401033" 0.00197657060373374 4.81506552161322e-05 1.96590055813106e-09 0.000326501096725607 8.98488520414869e-10
"401068" 0.00256815545846936 1.19696230392367e-09 5.28791758450452e-05 3.36349422919142e-05 0.00247938757715246
"401069" 2.35920227657757e-10 4.84897256383684e-10 0.00327201658468775 7.34067994922715e-10 1.19213187812122e-06
"401131" 0.000986283253387803 2.66514340073149e-05 0.000971470966072565 0.00286706952611062 7.99221438861122e-10
"401138" 5.99206639182779e-07 8.1643285767972e-10 0.00642623329985514 0.000877493516586771 1.17717529365258e-08
"401649" 1.45047362233448e-05 0.000278991551010172 0.000886478103527521 0.000429917533739444 0.00131036734695184
"401853" 2.52626676068858e-10 0.000800555132752971 0.00463096635927524 0.00036452588830151 1.80590145136782e-07
"401864" 1.06579916521514e-05 0.00248830802481081 0.00488985206016125 0.000654869669032021 1.06689195772286e-06
"600025" 9.24130613621099e-06 0.000300037227106265 0.00195005016713311 1.01757333184933e-08 8.35741178431698e-10
"600035" 2.38833382150264e-10 0.000278096533890031 0.008846523048187 4.9098349875197e-06 1.09892394348483e-09
"600620" 0.00247621870266816 0.00495872341694186 0.00086789326990752 0.000118945968007721 9.28287389786808e-10
"600718" 0.00384617969422796 0.00118320429912549 1.12253677868912e-09 3.89245449864477e-05 6.93335508799517e-06
"600761" 3.06523374381951e-05 0.00035646960081829 9.96364613530893e-05 0.0111075342243512 7.12202609138411e-10
"600775" 2.3405058657091e-10 6.78387642012714e-10 0.00914896573023718 0.00117715644332518 7.11078452431623e-10
"600785" 2.4018663452634e-10 0.00321185001818962 0.000169574857422886 0.000429355086984982 7.78982259541195e-10
"600788" 2.39703838743267e-10 5.27380683046475e-10 0.00902569143703808 0.00147822548940881 6.84711546986287e-10
"600794" 2.354168766456e-10 6.97690633816248e-10 7.79105786512999e-08 0.00272383520814012 7.14396722838927e-10
"600795" 5.55177897480767e-07 4.73698186975339e-10 0.00437728109797057 6.68136805415308e-06 6.58724399386074e-10
"600796" 6.64312159024651e-06 0.00245942315252762 0.00346102964374746 9.31460722862607e-05 7.68477931998599e-10
"600807" 2.38477971740022e-10 1.5331349125548e-09 0.00444654389470721 0.00825515067530797 2.03248807169537e-09
"600833" 2.60474646379166e-10 1.85687057990044e-09 5.37955029383958e-07 0.00377412010860613 2.96607040232053e-06
"600847" 2.56364119943816e-10 8.79990417578363e-05 0.00679291336100897 0.000804431059463514 8.42631943808359e-10
"601012" 2.35301126199321e-10 7.42563894810937e-06 0.00401947772419664 0.000882261712259192 1.05092993715322e-09
"601036" 0.000174734010925258 0.00971263706904873 0.000407280667233257 5.79309872715608e-10 8.98196866870389e-10
"100259" 0.00347440645524524 0.00124484512808159 0.000255262487563761 7.97124930392936e-05 9.76135986256282e-05
"100547" 3.05152434455554e-10 5.78374625618783e-07 8.52141781276936e-06 0.00587855246946768 7.53838478840243e-10
"100601" 0.00315922505523862 0.00258357677957852 0.000268229987544657 8.50091904249549e-05 5.92880043041927e-05
"100750" 3.45917355567199e-10 3.37762536077377e-06 0.00260920047978737 0.00205906548816915 0.000900782111460159
"102360" 0.00433354686948966 0.000284414032080822 2.30296574979392e-05 1.63692529274667e-09 1.44938641883416e-09
"200134" 0.00265086195399325 0.00483876660509106 4.89298460928083e-05 0.0030095669854204 2.52035533024066e-05
"200136" 0.000507688797101811 2.53286808311392e-05 0.000721730027389486 0.00311560168623696 0.000165666820189938
"200249" 3.50834932944283e-10 1.54525671660245e-05 2.24545738261952e-05 0.00406271911897609 6.85023590738609e-10
"200286" 6.66356612823761e-06 0.00322269095775476 0.000427724566255902 8.50504985593948e-05 0.000131180154241725
"200322" 0.000676127821171523 0.00693433381784767 0.000136582281421941 5.59895217041406e-09 1.14995269652738e-09
"200435" 2.68674249490688e-10 0.000915052672109883 8.51525237276999e-05 0.00150474621291317 0.00148124076597674
"401103" 0.00223848248249761 0.000411609776214615 0.00236192671473868 0.000413025687388944 4.06889076390891e-05
"401528" 0.00128262192700879 8.54061429220375e-05 3.44094727152742e-05 4.67456902494012e-10 1.57993272305504e-09
"401573" 2.58648732562231e-10 2.72113877286071e-09 0.00395072569592902 0.0017767237106645 7.38274508204788e-10
"600646" 3.15468088751812e-06 0.00497128335339004 0.00854402925684127 8.05254407883289e-05 8.49075409431289e-10
"600854" 0.00212829145328367 0.000487773793673678 4.28372338848919e-06 0.000569997049431063 3.21495569378245e-05
"600879" 6.81122259691828e-05 0.00530862239451072 0.00031921434868915 0.00179121681478525 2.31768913649197e-09
"600891" 0.000445428559925669 0.000988629781380148 0.00797267046776356 6.06848508149713e-05 9.31144999031775e-10
"602377" 0.00119049416994612 0.000337042582126669 0.00195973564892519 0.000187185453594794 7.38485698175144e-10
"401380" 0.000276489818182314 0.00141489760267663 0.00375410285439648 2.73215504429485e-05 1.04007369812676e-09
"601039" 1.1328179975042e-09 7.11608160444434e-10 0.00650015044340017 0.00117437368057379 8.93959547881416e-07
"100462" 0.000140817097139388 8.16431976503238e-10 0.00525000349915281 1.30004049222217e-09 0.000916432711380743
"102263" 0.00259912378864308 1.05255516742088e-09 1.08579849507169e-08 8.59050403623648e-10 2.4064105183761e-06
"102479" 6.944383379313e-10 6.4861246914946e-10 0.000406093289977515 0.000908278219878512 0.00905057066529328
"200215" 0.000140447303505464 0.00127934055495515 0.000544960053175999 0.000153472291256986 0.00265945517261372
"200343" 0.00105606834765267 0.00185868949779269 0.00273940345916628 0.000799440658039323 0.000418390870300359
"200413" 1.38907488611232e-07 1.32529402948528e-09 0.000333572792025896 0.000674432914738443 0.00522944210461575
"200459" 0.00151698164636921 0.00012707324911187 0.000429456890967975 4.83628450397692e-06 5.72735855989191e-06
"400655" 0.00433143896420055 6.92705831418484e-10 6.61462404971524e-10 2.19067358180154e-05 7.21270165250403e-10
"401036" 0.00103118843884746 7.58740040869493e-05 4.29756160862441e-05 0.00220827927680523 4.80550763487619e-05
"401094" 0.00221228397680281 0.000753970425927289 6.62570118308249e-10 2.31833275065541e-05 1.08117630625448e-09
"401123" 2.62675261820494e-10 0.00861907421436523 7.18909252757122e-05 2.51824978397831e-09 7.52022490092962e-10
"401558" 1.02561258172804e-09 1.07649464818686e-05 0.00180549935453487 0.00120873418223871 0.000356728378035271
"600818" 0.00232781626815686 0.00192340093817784 1.51098520685175e-09 0.00029157994058948 1.4080227722919e-05
"601052" 1.70063937139274e-09 0.00175001660592627 0.000203311776682044 0.000151357099639321 0.00447725190969493
"601055" 2.86423919640339e-10 0.00380010207699031 0.00429988727455091 0.000311513365114037 1.32064617455719e-05
"102333" 2.43101553704214e-10 0.000265181759638749 0.00325099108833069 0.000720807547903736 6.92667288468089e-10
"102345" 0.00106526938013799 6.04259168150419e-05 2.2887313752909e-06 2.53137813567431e-06 8.83987150922756e-06
"102421" 0.00498531287016234 0.000225248573577793 0.000265541435768684 0.00012984073862506 0.000249390250569229
"102438" 0.00200319893662669 0.00397148534336715 0.000592032644470333 0.000184782715706741 9.24126187588556e-10
"102493" 0.0032801456613219 1.05657692724675e-05 8.25140352895947e-05 1.49918976564581e-09 0.0012910791426555
"200162" 0.00451595788723474 7.5272988627072e-10 5.01268334915528e-10 4.91743211852961e-10 7.69749659141382e-10
"200446" 3.6654402104252e-10 0.000116847197700437 7.12089810680797e-10 0.00212438815189257 0.00185060927216186
"400976" 0.000218472219211838 1.65790459101271e-05 9.76226345124242e-10 0.00563768474255115 0.000155496507399531
"401132" 0.00235535431120568 6.105707718585e-10 6.31614348696203e-10 1.51316750034741e-09 4.11597249642593e-06
"401865" 6.43734227339036e-07 0.000161142340547691 0.00466977255190975 0.000437552157944123 9.7722560881719e-10
