"1" "2" "3" "4"
"SRS015805.SRX020562" 0.0413910744706966 0.57732846641226 0.0463121354816771 0.334968323635366
"SRS019552.SRX020547" 0.270432761788467 0.446517839098582 0.137257441420826 0.145791957692126
"SRS019552.SRX020529" 0.229097998437838 0.400560735180841 0.353940151350958 0.0164011150303628
"SRS015192.SRX020529" 0.260937137735174 0.18578285772012 0.474416892077857 0.0788631124668483
"SRS055187.SRX020687" 0.129796312674599 0.656892578957184 0.210595320151702 0.00271578821651478
"700014999.V35.241686" 0.502709693329402 0.0208044493296796 0.00119556071960246 0.475290296621316
"SRS043187.SRX020686" 0.243324493782528 0.0331569740705779 0.704012415961427 0.0195061161854674
"SRS045482.SRX020686" 0.255088624791519 0.292947215176688 0.438696889020525 0.013267271011268
"SRS019498.SRX020529" 0.00323798780459821 0.0857862346857189 0.758783528859589 0.152192248650094
"SRS017549.SRX019635" 0.0150442409183966 0.0136508469467633 0.968793149341595 0.00251176279324461
"SRS020263.SRX019636" 0.424180597533046 0.395613583243874 0.179552532144564 0.000653287078515651
"SRS017549.SRX019636" 0.00612217398410551 0.037661779755471 0.954429881503096 0.00178616475732745
"SRS020443.SRX019682" 0.663683354997721 0.129421032568907 0.0909461735167077 0.115949438916665
"SRS058182.SRX019682" 0.425970214386377 0.534664378185323 0.0387564557321333 0.000608951696166608
"SRS024482.SRX019684" 0.215250947487905 0.133538831891448 0.650662849499025 0.00054737112162165
"SRS017731.SRX019687" 0.225951726831746 0.529612446238373 0.144733652783175 0.0997021741467055
"SRS024124.SRX019686" 0.301244617605072 0.039035732395855 0.582944147191604 0.0767755028074694
"SRS016672.SRX019691" 0.000399070330369282 0.232310171116192 0.59925104525843 0.168039713295008
"SRS023942.SRX019690" 0.11500261362192 0.000797456225162322 0.882228751851491 0.00197117830142619
"SRS018343.SRX019691" 0.835032258299281 0.0138040971601444 0.104732067019992 0.0464315775205834
"SRS017035.SRX019691" 0.3120489215265 0.288494328894225 0.35552707955123 0.0439296700280446
"SRS013727.SRX019690" 0.0162767218039608 0.00142035960097067 0.739746982126655 0.242555936468414
"SRS023944.SRX019690" 0.243675249054102 0.00291883002554452 0.67154770496598 0.0818582159543735
"SRS024236.SRX019696" 0.871542967430714 0.0023071970112451 0.108228914191285 0.0179209213667564
"SRS022637.SRX019696" 0.000858525944959431 0.42909018357497 0.423245191519912 0.146806098960159
"SRS023942.SRX019698" 0.101088610758454 0.00133213242826912 0.882000465210669 0.0155787916026082
"SRS016883.SRX019696" 0.903165348325543 0.0597335394811374 0.0349655163606942 0.00213559583262552
"SRS023204.SRX019696" 0.448979224464649 0.48485294981011 0.0574852290592891 0.00868259666595118
"SRS022639.SRX019696" 0.00092755121690606 0.889835893637436 0.108204031042887 0.00103252410277072
"SRS023942.SRX020204" 0.197929753458374 0.000919664949875103 0.79994912115508 0.00120146043667006
"SRS022639.SRX019692" 0.00108849399350754 0.974406081602677 0.0236199544891937 0.000885469914621177
"SRS024058.SRX020198" 0.403180245762302 0.0455982482043575 0.550068518456542 0.00115298757679842
"SRS019554.SRX020560" 0.269242813610712 0.457536578498911 0.190213641129948 0.0830069667604291
"SRS014927.SRX020561" 0.00165920597520695 0.00121844009942531 0.635108026216968 0.3620143277084
"SRS019554.SRX020561" 0.216636506255899 0.659387716723422 0.0895105645152778 0.0344652125054011
"SRS019554.SRX020582" 0.250665780476808 0.64347298087516 0.0692026485771307 0.0366585900709006
"SRS019677.SRX020561" 0.164575153545717 0.663324234999505 0.105822179289812 0.0662784321649656
"SRS019677.SRX020582" 0.146331426336572 0.803751875698419 0.0471554213848318 0.0027612765801778
"SRS011551.SRX020668" 0.257464044369744 0.000931567215387674 0.00258090537194678 0.739023483042922
"SRS019552.SRX020551" 0.360816863220202 0.409757824070931 0.22878717913874 0.000638133570126507
"SRS019554.SRX020551" 0.273817918866583 0.493579621053143 0.232012912571573 0.000589547508701577
"SRS019552.SRX020557" 0.355267548661027 0.460127171778392 0.0404410079421154 0.144164271618466
"SRS057750.SRX020524" 0.448541445114021 0.463981094022713 0.0864378916368996 0.00103956922636658
"SRS047456.SRX020549" 0.341998663620489 0.0331940996141697 0.399903128638264 0.224904108127078
"SRS054358.SRX020549" 0.10502512794231 0.135019858442998 0.300239231904252 0.459715781710441
"SRS053553.SRX020549" 0.245286147728295 0.581559130911667 0.000934639682585923 0.172220081677453
"SRS018958.SRX020529" 0.572709092752548 0.0240426094672073 0.301585932176966 0.101662365603278
"SRS019308.SRX020529" 0.519866737435729 0.234869733177197 0.205248940055503 0.0400145893315716
"SRS018860.SRX020529" 0.00934855013073878 0.879730756463926 0.0378648560716153 0.0730558373337195
"SRS018698.SRX020529" 0.678950125520098 0.0555222624951276 0.201992524093007 0.0635350878917679
"SRS014927.SRX020529" 0.0653113823022336 0.00124207908711836 0.682861373217765 0.250585165392883
"SRS053393.SRX020527" 0.931108949836498 0.00106378546093438 0.0664518521206377 0.00137541258193004
"SRS014879.SRX020566" 0.149201332331973 0.0927230394081233 0.437445619999801 0.320630008260103
"SRS044071.SRX020524" 0.737149417176877 0.219245034927897 0.0429046136997151 0.000700934195510495
"SRS023017.SRX020679" 0.435895448057617 0.373499460364743 0.187902004082086 0.00270308749555464
"SRS057843.SRX020524" 0.610833091661413 0.321547051677365 0.0669187233103477 0.000701133350873783
"SRS021569.SRX020679" 0.302965004538436 0.187870216033239 0.506904114263145 0.00226066516517986
"SRS022444.SRX020680" 0.787903439707977 0.00174280481520025 0.19384746364521 0.0165062918316129
"SRS023881.SRX020681" 0.395649344988504 0.448499026759198 0.082167969857133 0.0736836583951654
"SRS021631.SRX020682" 0.0705015688648111 0.347364794877742 0.265098022669586 0.317035613587861
"SRS044141.SRX020684" 0.024446057672731 0.34076808087047 0.181783133360359 0.45300272809644
"SRS058765.SRX020684" 0.22762259571282 0.532367922705836 0.239501998719968 0.000507482861375431
"SRS058390.SRX020684" 0.745401799244057 0.241161609197714 0.0123820749387406 0.0010545166194879
"SRS053457.SRX020685" 0.17582035859636 0.490413047969422 0.333072788280831 0.000693805153386802
"SRS042235.SRX020685" 0.156262688692703 0.785221748255414 0.0572534655658565 0.00126209748602613
"SRS046835.SRX020685" 0.0540526321834457 0.140812013258668 0.804665347283233 0.000470007274652784
"SRS058273.SRX020686" 0.221975007727454 0.0412862021360288 0.691384465583766 0.045354324552751
"SRS047484.SRX020686" 0.497106131086808 0.0391862829749298 0.4618860639219 0.00182152201636175
"SRS053138.SRX020686" 0.403849554516263 0.34471377543102 0.24954054855354 0.00189612149917791
"SRS055673.SRX020687" 0.198381244075676 0.385762577084504 0.380194489783063 0.0356616890567564
"SRS050248.SRX020687" 0.207617899799063 0.605491025114783 0.186272601911457 0.000618473174696225
"SRS043241.SRX020687" 0.366709537908753 0.0969016894956298 0.518797783185543 0.0175909894100743
"SRS048865.SRX020687" 0.445790028460062 0.151382202070739 0.401972552312128 0.00085521715707103
"SRS063488.SRX020689" 0.105523737050915 0.0567650563824612 0.826018584578473 0.0116926219881511
"SRS063168.SRX020689" 0.224232523655102 0.105024674487433 0.125136552217998 0.545606249639467
"SRS064030.SRX020689" 0.474619348349127 0.0213323083270709 0.503115376796674 0.000932966527128861
"SRS046874.SRX020690" 0.191252336306018 0.186295951230051 0.476966140023519 0.145485572440412
"SRS058273.SRX020690" 0.146457585348734 0.0475143362403701 0.691938961619026 0.114089116791871
"SRS043928.SRX020549" 0.503186062393904 0.00432883307620692 0.39005595622699 0.102429148302899
"SRS018858.SRX020529" 0.0114906385698211 0.648383607286399 0.299882173640296 0.0402435805034835
"SRS015192.SRX020561" 0.165052334844048 0.160350753087209 0.329600130723009 0.344996781345733
"SRS042958.SRX021470" 0.0219950850980832 0.000466839874494614 0.947384954182443 0.030153120844979
"SRS023699.SRX022223" 0.278533195918592 0.278718871808029 0.324186667876723 0.118561264396656
"SRS023137.SRX022226" 0.197823520180092 0.356692667253748 0.444500390833477 0.000983421732682077
"SRS062733.SRX022229" 0.296713826826516 0.00503820427996686 0.696511061570684 0.0017369073228338
"SRS065597.SRX022229" 0.352702078721382 0.367621406193021 0.278398772168309 0.00127774291728806
"SRS021095.SRX022230" 0.0595906573924732 0.707216648369507 0.232158401713008 0.00103429252501174
"SRS050217.SRX022238" 0.252874011154949 0.0117964268998066 0.734630041410197 0.000699520535047298
"SRS042248.SRX022238" 0.0738584797615417 0.0121647821282559 0.912966636484348 0.00101010162585435
"SRS058051.SRX022238" 0.305571516678664 0.329728391217728 0.347014518044324 0.0176855740592844
"SRS051280.SRX022238" 0.0225827205906391 0.211200645570698 0.76364969740377 0.00256693643489306
"SRS043400.SRX022238" 0.0125374330940565 0.143492001305361 0.24282676039184 0.601143805208743
"SRS047507.SRX022238" 0.274468971367244 0.331474633067202 0.393210750991924 0.000845644573630315
"SRS020954.SRX022233" 0.249949227316031 0.523464636921159 0.223506145666507 0.00307999009630391
"SRS021394.SRX022233" 0.12585467227193 0.403300269115154 0.469720689729281 0.0011243688836348
"SRS055231.SRX022234" 0.358341896689285 0.183605959975417 0.456868963105186 0.00118318023011268
"SRS051696.SRX022234" 0.35701171992363 0.0605690699355306 0.581399585856215 0.00101962428462394
"SRS057272.SRX022234" 0.000894995816571499 0.000575696267407703 0.997472774179596 0.00105653373642536
"SRS056107.SRX022234" 0.153937744371766 0.474384919657861 0.369692929762846 0.00198440620752705
"SRS021820.SRX022231" 0.104437127033843 0.233529488166991 0.66127149127857 0.000761893520596461
"700015480.V35.241665" 0.83282595815807 0.00113028769918712 0.164832454672655 0.00121129947008831
"700014996.V35.241686" 0.11947952920465 0.0336591035720031 0.560608810579117 0.28625255664423
"700033022.V35.241834" 0.0483298214460477 0.542794382463061 0.258180808837352 0.15069498725354
"SRS018218.SRX019639" 0.533993576989874 0.39770202027313 0.0673592376264541 0.000945165110541583
"SRS024122.SRX019686" 0.480927183906954 0.00327296128692626 0.356290486027317 0.159509368778802
"SRS017485.SRX019687" 0.0606159036848858 0.255439619963216 0.66598095200617 0.0179635243457286
"SRS017032.SRX019691" 0.399357559843822 0.0821259606976675 0.510917371287851 0.00759910817066005
"SRS017963.SRX019690" 0.856737428341527 0.0011592996008726 0.135891235350568 0.0062120367070323
"SRS021514.SRX019690" 0.604784668961193 0.210316496383907 0.103927058025575 0.0809717766293246
"SRS022123.SRX019690" 0.0604928098275817 0.774145772695764 0.00291812675179232 0.162443290724862
"SRS024236.SRX019692" 0.822732285827963 0.00132774555100048 0.171835949105987 0.00410401951504888
"SRS011435.SRX020662" 0.0607773635506923 0.0611836714645147 0.00281020412672526 0.875228760858068
"SRS011434.SRX020664" 0.000646472408199806 0.0240886891881137 0.00905260487773822 0.966212233525948
"SRS011435.SRX020664" 0.00286338068474329 0.0015363344534421 0.00141089149095026 0.994189393370864
"SRS011179.SRX020515" 0.363962940495946 0.0334228607509845 0.00241254808902419 0.600201650664046
"SRS019310.SRX020552" 0.464802287063293 0.067122035467129 0.467012098604488 0.00106357886508995
"SRS042716.SRX020529" 0.352035249744613 0.465438081873021 0.181010008293608 0.00151666008875781
"SRS055001.SRX020527" 0.664714535958333 0.273449389291569 0.0360796124599476 0.0257564622901501
"SRS011549.SRX020660" 0.466594570840291 0.0403873128775451 0.00894857889806492 0.484069537384099
"SRS023015.SRX020679" 0.602806218416435 0.307730581839424 0.0886318935364682 0.000831306207672926
"SRS022952.SRX020679" 0.00180890192842468 0.575724183627845 0.0239243051228539 0.398542609320877
"SRS023518.SRX020682" 0.345527819095676 0.379228216929377 0.181232213667347 0.0940117503075995
"SRS023017.SRX020683" 0.463445395194032 0.431190290705006 0.104553210535913 0.000811103565048761
"SRS024539.SRX020682" 0.342223119150212 0.620279130618044 0.0307763532853684 0.0067213969463758
"SRS050385.SRX020688" 0.436124043477339 0.402794021098539 0.159736238811901 0.00134569661222104
"SRS063154.SRX020689" 0.286646362607475 0.393804984875987 0.244244236955273 0.0753044155612645
"SRS050224.SRX020549" 0.00353881143907735 0.0898764510763748 0.690784183501643 0.215800553982905
"SRS051800.SRX020549" 0.781680902807063 0.106431981655096 0.109442590053819 0.0024445254840208
"SRS056515.SRX020524" 0.724764710470466 0.269985078617904 0.00389557461731425 0.00135463629431589
"SRS055354.SRX020527" 0.738369484805188 0.00221120711694068 0.258577625782734 0.000841682295137471
"SRS019500.SRX020552" 0.0622772008025602 0.225919286752894 0.710587257541622 0.00121625490292382
"SRS064620.SRX022229" 0.477292928799683 0.211764168088406 0.237441483214207 0.0735014198977041
"SRS049647.SRX022238" 0.253341679594629 0.49327186531596 0.251810282867529 0.0015761722218817
"SRS020956.SRX022233" 0.104399444010318 0.517356838487282 0.239028635000815 0.139215082501585
"SRS051535.SRX022234" 0.579176925085155 0.114116193985158 0.237508988885084 0.0691978920446027
"SRS054236.SRX022234" 0.825839375788753 0.12888743243352 0.044199827721286 0.0010733640564413
"700033025.V35.241834" 0.00123102929900274 0.781485977964395 0.100948375451409 0.116334617285193
"SRS045536.SRX020527" 0.209306403744019 0.662075594823487 0.127066137101255 0.0015518643312395
"SRS047862.SRX020549" 0.726628468270686 0.246261364203126 0.00114828351525776 0.02596188401093
"SRS058328.SRX022238" 0.544217261732129 0.242248848824267 0.212670917688817 0.00086297175478665
"SRS043159.SRX020686" 0.415775525750834 0.423210261145586 0.0900496898523152 0.0709645232512653
"SRS014452.SRX020557" 0.644401865735482 0.0162874694263196 0.00147346385079615 0.337837200987402
"SRS050616.SRX020524" 0.15557400264761 0.809816540279009 0.0338403311507135 0.000769125922667613
"SRS057305.SRX022238" 0.113042356595936 0.199401356298524 0.686954464516796 0.000601822588744166
"SRS014877.SRX020561" 0.693657465056822 0.0204231590571114 0.000895964894629084 0.285023410991437
"SRS020149.SRX020680" 0.555743836151376 0.322105855638214 0.121501117354212 0.000649190856198769
"SRS049278.SRX020681" 0.804034834682161 0.193486595408563 0.00128795125870052 0.00119061865057623
"SRS054126.SRX022234" 0.0166973346826851 0.373446829074943 0.157952585215888 0.451903251026484
"SRS018027.SRX019639" 0.680492937621965 0.115805803123766 0.202927343381501 0.000773915872768811
"SRS017483.SRX019687" 0.391694603374551 0.105346733537188 0.312164099539645 0.190794563548616
"SRS017483.SRX020208" 0.356581968144333 0.185406807951495 0.267703916822412 0.190307307081759
"SRS064781.SRX020517" 0.475283341488405 0.206390212845061 0.257833964969003 0.0604924806975321
"SRS049082.SRX020684" 0.224324822395709 0.634433268907289 0.000684037280043092 0.140557871416958
"SRS063926.SRX020549" 0.701606521105899 0.262858869154784 0.034721447994602 0.000813161744714896
"SRS046412.SRX022238" 0.357598828760697 0.279624336478154 0.0110041378290028 0.351772696932146
"SRS015807.SRX020562" 0.0795443317783935 0.436591667346527 0.0381336072468674 0.445730393628212
"SRS048741.SRX020549" 0.375635234661152 0.381804997876335 0.00542409988480843 0.237135667577705
"SRS014237.SRX020561" 0.153668704429165 0.463590782484586 0.000732785364837777 0.382007727721411
"SRS014237.SRX020566" 0.158083827975533 0.432432030623404 0.000803803298395787 0.408680338102667
"SRS046477.SRX019685" 0.17071251910278 0.548101441139114 0.149858844592703 0.131327195165404
"SRS045406.SRX020560" 0.359258157625402 0.627211851359111 0.0115207683799119 0.0020092226355758
"SRS019003.SRX020510" 0.569307269014143 0.00383403782507084 0.17379188305895 0.253066810101837
"SRS044586.SRX022238" 0.00115273197709049 0.236178399906445 0.76205440662864 0.000614461487825045
"SRS050307.SRX022234" 0.423692725515922 0.532706045156889 0.0428704196325998 0.000730809694589501
"700033180.V35.241783" 0.19585519992012 0.420584974082409 0.336811440265283 0.0467483857321886
"SRS015137.SRX020561" 0.0692450631766244 0.250076196082073 0.00100070801555294 0.679678032725749
"SRS015194.SRX020561" 0.0428841534544 0.213806717894163 0.211269171336012 0.532039957315425
"SRS015137.SRX020582" 0.00174104228549127 0.239497376265469 0.000988530398062872 0.757773051050977
"SRS042974.SRX020524" 0.924102818351402 0.0608946407462657 0.00294994409143457 0.0120525968108972
"SRS014617.SRX020561" 0.051383701601551 0.218191868006869 0.00109836526003543 0.729326065131544
"SRS014827.SRX020561" 0.112933836392896 0.00084581855844032 0.0231916692446694 0.863028675803994
"SRS022637.SRX019692" 0.00167260151762161 0.4900061148331 0.426836298596952 0.0814849850523259
"SRS011641.SRX020515" 0.206554895253367 0.179375079972574 0.186429513167581 0.427640511606478
"SRS048785.SRX022234" 0.101610545430855 0.23209383966696 0.50544841136872 0.160847203533465
"SRS024361.SRX019684" 0.67536077101139 0.0463947372785262 0.187210330837004 0.0910341608730796
"SRS019705.SRX020529" 0.0103803776735519 0.489566526961672 0.292492349804677 0.2075607455601
"SRS011606.SRX020660" 0.410227832540603 0.510513340944997 0.0513154811420704 0.0279433453723295
"SRS023635.SRX019635" 0.00156591371524701 0.993712621376434 0.00324204555464035 0.00147941935367875
"SRS023635.SRX019636" 0.00333707909402847 0.865345626677178 0.130562869611119 0.000754424617674081
"SRS016883.SRX019692" 0.989802753837851 0.00441039514583212 0.00487441102263058 0.000912439993686494
"SRS011608.SRX020660" 0.523553658269275 0.16644262187538 0.192785815779919 0.117217904075426
"SRS011608.SRX020668" 0.540367139851253 0.133607078730354 0.21460778982299 0.111417991595403
"SRS019180.SRX020552" 0.0560711527425971 0.93681571867297 0.00558677789759424 0.00152635068683871
"SRS022510.SRX020680" 0.30642649901019 0.43417555966708 0.00442844981935172 0.254969491503378
"SRS022508.SRX020682" 0.319095175623192 0.198580378308567 0.171565881475633 0.310758564592609
"SRS022510.SRX020683" 0.304783659630355 0.312008869755822 0.0432053006827711 0.340002169931052
"SRS049278.SRX020683" 0.70828568324558 0.287963512451606 0.0026297981663073 0.0011210061365067
"SRS051984.SRX020685" 0.196212492301317 0.403672066614598 0.399560498474149 0.000554942609936784
"SRS052312.SRX020687" 0.266914148288174 0.679101067211373 0.0535103181573067 0.00047446634314685
"SRS021818.SRX022233" 0.0121648221430747 0.0827131460063617 0.904515250121718 0.000606781728846049
"SRS017849.SRX019691" 0.336505194528938 0.00139424033933781 0.0765496855005769 0.585550879631147
"SRS013727.SRX020218" 0.0419235097221527 0.00646297994327418 0.7494149589148 0.202198551419773
"SRS018163.SRX019682" 0.000742348998670212 0.115597354765553 0.00284089192239446 0.880819404313382
"SRS017365.SRX019687" 0.374408929747063 0.385170473356312 0.132842409043489 0.107578187853136
"SRS020899.SRX019691" 0.386703483663284 0.419017621469524 0.115220865157803 0.0790580297093883
"SRS023206.SRX019696" 0.60960060703351 0.110016796378094 0.105025217305619 0.175357379282777
"SRS015901.SRX020510" 0.950157063215429 0.0338293650603318 0.00270828700755431 0.013305284716685
"SRS011549.SRX020668" 0.395388668103047 0.000725062558198058 0.00802421312011904 0.595862056218636
"SRS011640.SRX020515" 0.312773450823606 0.000591389736407998 0.311847449772726 0.374787709667261
"SRS062699.SRX020684" 0.552333540560772 0.277970728803455 0.133862247952716 0.0358334826830569
"SRS053434.SRX020684" 0.028492299277025 0.638577488812109 0.0843603466031079 0.248569865307758
"SRS044011.SRX020685" 0.228541541880712 0.00132113521708779 0.490909061665255 0.279228261236945
"SRS055821.SRX020549" 0.331012809387035 0.0869422974316156 0.0360044916861779 0.546040401495171
"SRS013676.SRX019635" 0.542449400171805 0.0237633812566561 0.00149284482159584 0.432294373749944
"SRS064351.SRX022238" 0.44604982975422 0.0339565683512744 0.255152374446976 0.264841227447529
"SRS021455.SRX022239" 0.433172866520241 0.348906881569679 0.00250224695227266 0.215418004957807
"SRS017145.SRX019684" 0.631093136521044 0.00132607496289017 0.094714764441742 0.272866024074324
"SRS015444.SRX020545" 0.00104412207658311 0.267559653664402 0.00226943204916966 0.729126792209846
"SRS023077.SRX020680" 0.347250133058061 0.60640318340769 0.0381347244262793 0.00821195910797005
"SRS051170.SRX020524" 0.274183695993347 0.524838075367311 0.200254531795998 0.000723696843344912
"SRS045280.SRX020549" 0.632372684867188 0.000977896475488447 0.00137103390544836 0.365278384751875
"SRS011474.SRX020668" 0.418503935330034 0.00113378078069694 0.00198296085198223 0.578379323037287
"SRS065586.SRX020689" 0.571540274754517 0.422789421155102 0.00130064877565259 0.00436965531472846
"SRS063700.SRX020689" 0.409821552708813 0.000867615397055918 0.455941809460298 0.133369022433834
"SRS017424.SRX019635" 0.981791436843063 0.0156934560666813 0.00143283003495661 0.00108227705529882
"SRS022000.SRX019635" 0.987615207153338 0.0031480484710904 0.00364032066366325 0.00559642371190811
"SRS020020.SRX019636" 0.840601420200949 0.152358981481044 0.000912214733774723 0.00612738358423254
"SRS023633.SRX019635" 0.00405868508853476 0.990929848071228 0.00402332864677481 0.000988138193462403
"SRS017424.SRX019636" 0.996841588565761 0.00111806711910447 0.00104676037925967 0.000993583935874464
"SRS017671.SRX019635" 0.882301693194767 0.115634522892773 0.00102749339883032 0.00103629051363049
"SRS024418.SRX019635" 0.893934257657451 0.103143421170065 0.00173900510035531 0.00118331607212906
"SRS022000.SRX019636" 0.953348405658849 0.00117936729601308 0.0431219354938145 0.00235029155132304
"SRS020018.SRX019636" 0.996818452327727 0.00112282803971945 0.00104852997422118 0.00101018965833269
"SRS020020.SRX019635" 0.785433428544842 0.146804144090732 0.0010168077361806 0.0667456196282448
"SRS020261.SRX019635" 0.473823908534844 0.374471791341655 0.149230169389658 0.00247413073384375
"SRS024179.SRX019635" 0.426966348576852 0.311359452882478 0.216461852094264 0.0452123464464051
"SRS017422.SRX019635" 0.929255341278959 0.0678391303751444 0.00176945515764872 0.00113607318824836
"SRS013676.SRX019636" 0.569238024069262 0.00216743400563863 0.00139205296329967 0.4272024889618
"SRS024181.SRX019636" 0.903581102507199 0.00202600938749061 0.0933779573245113 0.00101493078079872
"SRS020018.SRX019635" 0.995021240854139 0.00122418027388446 0.00251104310642131 0.00124353576555516
"SRS024179.SRX019636" 0.429887217369112 0.261982643342309 0.232060157448234 0.0760699818403444
"SRS024416.SRX019635" 0.94683588592516 0.00217202281000385 0.0464583746595 0.00453371660533574
"SRS020263.SRX019635" 0.389817395173183 0.371817547365899 0.216338615738664 0.0220264417222544
"SRS024181.SRX019635" 0.875137153637279 0.00139544792068699 0.12139032406691 0.00207707437512426
"SRS017671.SRX019636" 0.879098943294995 0.115964097481327 0.00254815884995568 0.00238880037372242
"SRS013258.SRX019639" 0.990182252819161 0.00120127226433983 0.00678172704703174 0.0018347478694671
"SRS020261.SRX019636" 0.51320070613016 0.445749383012316 0.0402019233818042 0.000847987475719765
"SRS018220.SRX019639" 0.450728904037962 0.547662439119737 0.000898688395950012 0.000709968446350619
"SRS024596.SRX019639" 0.646159538851669 0.351992781067227 0.00109099199774853 0.000756688083356021
"SRS018025.SRX019639" 0.54275226836663 0.259515093754679 0.196985726905734 0.000746910972955684
"SRS023633.SRX019636" 0.00136339605755743 0.996883958479868 0.00103781248462298 0.000714832977952055
"SRS013261.SRX019639" 0.781889504901315 0.216267584605804 0.00103047521316342 0.00081243527971688
"SRS024416.SRX019636" 0.986169808065483 0.0028638079003055 0.00963582821955411 0.00133055581465674
"SRS024418.SRX019636" 0.980228042486484 0.0147970982163461 0.00172667171667017 0.00324818758050029
"SRS017422.SRX019636" 0.928101719830892 0.0699276554144721 0.000983476046490805 0.000987148708144802
"SRS024598.SRX019639" 0.852105469808536 0.146023206312292 0.0011432859198284 0.000728037959344391
"SRS017794.SRX019639" 0.878873249839513 0.0423508644178641 0.0775865854906127 0.00118930025201077
"SRS048122.SRX019682" 0.541706736442735 0.44922824578609 0.00827108300932741 0.000793934761847958
"SRS016367.SRX019682" 0.406021440725057 0.577912169018319 0.00111304250162365 0.0149533477549997
"SRS016370.SRX019682" 0.462649652213829 0.521898984882109 0.0143400144678198 0.00111134843624181
"SRS020441.SRX019682" 0.833430425282076 0.00296046047137403 0.156591704802159 0.00701740944439169
"SRS057212.SRX019682" 0.00921954455667416 0.988932215196211 0.000957309238737023 0.000890931008377421
"SRS051731.SRX019682" 0.0579481072501921 0.874698113929603 0.0662304168963324 0.00112336192387198
"SRS017792.SRX019639" 0.774469577970166 0.0139002612761224 0.205580274532977 0.00604988622073467
"SRS024359.SRX019684" 0.534804428860095 0.0952851973314976 0.240203435675263 0.129706938133145
"SRS020320.SRX019684" 0.398102231404426 0.275232140959779 0.104007168130168 0.222658459505627
"SRS020555.SRX019684" 0.675599484935389 0.172636862523099 0.0921315567422871 0.0596320957992245
"SRS020318.SRX019684" 0.300817746930363 0.658242477611366 0.00356336684280664 0.0373764086154637
"SRS020557.SRX019684" 0.601423985111369 0.00130787033121281 0.119628580741803 0.277639563815615
"SRS024484.SRX019684" 0.686263222838584 0.190938703764801 0.120664213954711 0.00213385944190385
"SRS017367.SRX019687" 0.34550403794239 0.467072216047798 0.186171156060396 0.00125258994941673
"SRS017296.SRX019686" 0.832530741250927 0.0255325053094998 0.139527235213164 0.00240951822640898
"SRS016482.SRX019686" 0.990979169715647 0.00212366752126638 0.00246174401857238 0.00443541874451396
"SRS023573.SRX019686" 0.710902053522987 0.286395886261708 0.000976824542034335 0.00172523567326998
"SRS017729.SRX019687" 0.269438946239815 0.184180890974841 0.421818134954349 0.124562027830995
"SRS018280.SRX019687" 0.316774697501856 0.315653925601591 0.365410128712967 0.002161248183586
"SRS024653.SRX019687" 0.50662897435006 0.489848034315736 0.00200438525592475 0.00151860607827964
"SRS018278.SRX019687" 0.493229471670726 0.0031725392058998 0.482391518560734 0.0212064705626406
"SRS024655.SRX019687" 0.58031727883286 0.267703477764372 0.0609029133939188 0.0910763300088493
"SRS023575.SRX019686" 0.726958214857497 0.268764623754694 0.000892272760766061 0.00338488862704326
"SRS016615.SRX019686" 0.99579909590839 0.00151384224767812 0.00139538892580242 0.00129167291812981
"SRS017094.SRX019687" 0.3835973981948 0.213880485236989 0.00198984002517508 0.400532276543035
"SRS021998.SRX019689" 0.81822973215691 0.00141049816388943 0.164865866387683 0.0154939032915172
"SRS016612.SRX019686" 0.995986366301001 0.00118146200043677 0.0012896482028823 0.00154252349567979
"SRS017908.SRX019688" 0.88001765961283 0.0862946267261532 0.0282480636769755 0.00543964998404149
"SRS017851.SRX019691" 0.496560063620942 0.0242508974769559 0.0794282025183603 0.399760836383741
"SRS021512.SRX019690" 0.48512990330314 0.441724069649308 0.00285692066497458 0.0702891063825771
"SRS017965.SRX019690" 0.554104590826795 0.00124783435209272 0.44353900653289 0.00110856828822264
"SRS013668.SRX019690" 0.0477886473799277 0.46452638776558 0.168452830767943 0.31923213408655
"SRS022121.SRX019690" 0.249178869552974 0.500774870312444 0.2490692381642 0.00097702197038188
"SRS013666.SRX019690" 0.225185350779886 0.528845872095782 0.00504157152300375 0.240927205601328
"SRS020378.SRX019691" 0.0593666674341268 0.261777618567593 0.528033218602813 0.150822495395467
"SRS020380.SRX019691" 0.00192389672585678 0.51728564878318 0.406235930992543 0.0745545234984209
"SRS016886.SRX019696" 0.992139830289172 0.00197669306785306 0.00490611023075715 0.000977366412217348
"SRS022123.SRX019698" 0.0540822001915137 0.775575446483153 0.00109931321084768 0.169243040114486
"SRS024293.SRX019692" 0.577227808502419 0.399430851997479 0.0160059740612454 0.00733536543885652
"SRS024293.SRX019696" 0.502595527456111 0.493401916986481 0.00307411934212968 0.000928436215278514
"SRS017296.SRX019699" 0.699209285682927 0.0362467626787918 0.259522502323835 0.00502144931444627
"SRS016886.SRX019692" 0.98254649811671 0.00156553209834521 0.0147037091036453 0.00118426068129916
"SRS024295.SRX019696" 0.643838946084283 0.338143230959347 0.0106738301566879 0.00734399279968188
"SRS024238.SRX019696" 0.844741055985611 0.00126792846527206 0.127339932601143 0.0266510829479745
"SRS024295.SRX019692" 0.663202299350147 0.241978967881258 0.00181178441118554 0.0930069483574089
"SRS024238.SRX019692" 0.915163635076761 0.00135633520883694 0.0459200416981951 0.0375599880162069
"SRS018220.SRX020195" 0.289293168237463 0.675613357022378 0.0340043535567672 0.0010891211833914
"SRS020899.SRX020199" 0.296159730511071 0.468847889031179 0.166128240569629 0.0688641398881216
"SRS016944.SRX020198" 0.189197630402591 0.395315518865408 0.314507972346362 0.100978878385639
"SRS023999.SRX020198" 0.928845561618766 0.0163832773580749 0.0532867532853607 0.00148440773779848
"SRS018343.SRX020199" 0.740271463584865 0.020334775696356 0.0615045311436092 0.17788922957517
"SRS023764.SRX020198" 0.992453322124334 0.00179603531420451 0.00205116667723459 0.0036994758842275
"SRS023762.SRX020198" 0.874383836578803 0.121997808377369 0.00214242717688922 0.00147592786693945
"SRS018278.SRX020208" 0.479552733677925 0.00388921557316812 0.480994538740605 0.0355635120083013
"SRS018163.SRX020217" 0.000799540744566656 0.115523267647948 0.00126896148282729 0.882408230124658
"SRS016367.SRX020217" 0.270660130442838 0.72381151496136 0.00318763946668216 0.00234071512911949
"SRS022123.SRX020204" 0.186691218021644 0.744964599568289 0.00133655783753045 0.0670076245725361
"SRS017963.SRX020218" 0.834675847533329 0.00121895219597244 0.161806349225463 0.00229885104523484
"SRS014667.SRX020560" 0.66890704796723 0.162687723020009 0.0033049404729121 0.165100288539849
"SRS049599.SRX020560" 0.947661579270684 0.00103101210511177 0.0336584005239602 0.0176490081002439
"SRS049668.SRX020560" 0.507319080331092 0.487643807106067 0.00155526101218091 0.00348185155065982
"SRS014450.SRX020560" 0.482917581522529 0.00143428872053649 0.0129840726153717 0.502664057141563
"SRS045406.SRX020561" 0.406179627433908 0.557501848557465 0.000906236690910458 0.0354122873177168
"SRS014239.SRX020561" 0.344292307024494 0.113056420113744 0.000932937628666554 0.541718335233095
"SRS014970.SRX020561" 0.178746345980874 0.495306583143958 0.000718705186860047 0.325228365688308
"SRS049668.SRX020561" 0.447546347406308 0.397499836593636 0.000743730043249509 0.154210085956806
"SRS015283.SRX020561" 0.56225641672467 0.345937313963683 0.000981827127820977 0.0908244421838263
"SRS044605.SRX020561" 0.340779384085002 0.581462317155113 0.00897589945136582 0.0687823993085195
"SRS014925.SRX020561" 0.046348139269876 0.0912566400560212 0.0429987255100513 0.819396495164051
"SRS042716.SRX020561" 0.314046578053169 0.488039079446489 0.158750033108418 0.039164309391924
"SRS015858.SRX020561" 0.446959035761891 0.280164503683834 0.10576111166435 0.167115348889925
"SRS014355.SRX020561" 0.501253116801392 0.000759018536919601 0.00094364232952045 0.497044222332168
"SRS019552.SRX020561" 0.272597491750467 0.459295548232657 0.266688977526942 0.00141798248993366
"SRS015285.SRX020561" 0.775577439433532 0.107678547146886 0.00109953549857575 0.115644477921006
"SRS019675.SRX020561" 0.188823000998145 0.774541139265604 0.00242598457810859 0.0342098751581421
"SRS049668.SRX020582" 0.59271474540946 0.272101893558508 0.000946811954026224 0.134236549078006
"SRS015858.SRX020582" 0.537441264053392 0.329274225980867 0.00831943745704711 0.124965072508693
"SRS014925.SRX020582" 0.00599620395518996 0.0603048276887157 0.00307275788985386 0.93062621046624
"SRS042716.SRX020582" 0.425761369947699 0.379670758520383 0.161653595791373 0.0329142757405453
"SRS014667.SRX020561" 0.855752502144708 0.0735024451969613 0.000997974510045122 0.0697470781482855
"SRS019081.SRX020564" 0.0147658251049887 0.939507100139984 0.0444626067402367 0.00126446801479054
"SRS019079.SRX020564" 0.219049619745567 0.762308792812045 0.00096361620746557 0.0176779712349219
"SRS019079.SRX020545" 0.331209082971614 0.666318272916586 0.000740416686818848 0.00173222742498115
"SRS015442.SRX020545" 0.136646841029315 0.566772776461141 0.0331194505957087 0.263460931913835
"SRS011474.SRX020660" 0.512610744279338 0.0011786752943186 0.000958732845592087 0.485251847580752
"SRS011575.SRX020666" 0.000885859475634159 0.977232196672625 0.00155302299191628 0.0203289208598248
"SRS011575.SRX020669" 0.00099989862294105 0.968484339861267 0.0011040673521319 0.02941169416366
"SRS011292.SRX020515" 0.418831641401434 0.000791446119424703 0.000695875903386704 0.579681036575755
"SRS011497.SRX020662" 0.62397644961792 0.00131592096629672 0.000853286119740163 0.373854343296043
"SRS011497.SRX020664" 0.595822677247619 0.00154368779996706 0.00116449213334928 0.401469142819065
"SRS011498.SRX020664" 0.00135803124502682 0.563821140049141 0.000967188434458157 0.433853640271375
"SRS045406.SRX020551" 0.48022800385012 0.517253020133372 0.00174714684630674 0.000771829170201328
"SRS014450.SRX020551" 0.493061868288612 0.000557200604253628 0.000844085790680801 0.505536845316453
"SRS019182.SRX020552" 0.0135393646780236 0.983532128126531 0.00206947031977152 0.000859036875674248
"SRS045177.SRX020552" 0.593608301538931 0.170763039400416 0.234871513557068 0.000757145503584875
"SRS044943.SRX020552" 0.468089064969296 0.530111408871892 0.00108470165550583 0.000714824503305463
"SRS019365.SRX020552" 0.717573113619625 0.279879004156307 0.00133583628904275 0.00121204593502541
"SRS019830.SRX020552" 0.241065555873271 0.44098878731318 0.283225474475837 0.0347201823377114
"SRS019367.SRX020552" 0.718048673580368 0.263390935754981 0.00159660616421826 0.0169637845004323
"SRS018960.SRX020552" 0.76403687586241 0.212594292384839 0.0010537504590479 0.0223150812937022
"SRS043234.SRX020552" 0.714263641272539 0.284018015608596 0.000884517045330336 0.000833826073534169
"SRS046864.SRX020566" 0.467862915384032 0.0140730586487969 0.2253276921744 0.292736333792772
"SRS015283.SRX020566" 0.509136511781554 0.331396342502372 0.00107844963248524 0.158388696083588
"SRS014355.SRX020566" 0.45530008925801 0.000971581472035394 0.00118423061226463 0.54254409865769
"SRS015285.SRX020566" 0.651941880195859 0.28108262119486 0.00115280277463423 0.0658226958346462
"SRS043122.SRX020524" 0.298507577023216 0.327031559952595 0.313373985021479 0.0610868780027108
"SRS057895.SRX020524" 0.269983422668523 0.422457861696117 0.23587829308636 0.0716804225490005
"SRS044477.SRX020524" 0.193978074533355 0.803680942680185 0.00177645350983017 0.000564529276629666
"SRS056240.SRX020524" 0.193603436268167 0.804555893965992 0.0012827287159544 0.00055794104988675
"SRS057907.SRX020524" 0.920563285568958 0.00232034482928777 0.0759676887614466 0.00114868084030814
"SRS053764.SRX020524" 0.774093129282948 0.131909028075205 0.0931923206122493 0.000805522029597774
"SRS054094.SRX020524" 0.651732525386096 0.346788395022615 0.000631609778624168 0.000847469812665295
"SRS044781.SRX020524" 0.341731977151553 0.653904100400199 0.00364596002708257 0.000717962421164832
"SRS055924.SRX020524" 0.506955826053427 0.490740092526725 0.00148316464919194 0.00082091677065605
"SRS062608.SRX020549" 0.208986607567523 0.636143134879746 0.0555373750002341 0.0993328825524964
"SRS046500.SRX020549" 0.391619658948339 0.401032851769457 0.050874813589609 0.156472675692595
"SRS050233.SRX020549" 0.468503664950477 0.440067306886431 0.00101678097910774 0.0904122471839847
"SRS054431.SRX020549" 0.514878647631322 0.0793527928372649 0.0019176038205693 0.403850955710844
"SRS045463.SRX020549" 0.181951403033214 0.66813594309294 0.0662321839303117 0.0836804699435346
"SRS055988.SRX020549" 0.192959169324961 0.626709038943287 0.000829088684657982 0.179502703047093
"SRS047177.SRX020549" 0.419595470227825 0.256582214595461 0.00074983391762161 0.323072481259092
"SRS043573.SRX020549" 0.609947131812162 0.38160103362453 0.000717029984246356 0.00773480457906116
"SRS048941.SRX020549" 0.704867545115393 0.000967254922918948 0.205671189395404 0.0884940105662843
"SRS056067.SRX020549" 0.777465091024504 0.125420005451085 0.0578418835304455 0.0392730199939654
"SRS015858.SRX020529" 0.609699603902718 0.277816115402449 0.0975466464959765 0.0149376341988559
"SRS058381.SRX020549" 0.048740553007654 0.00914132078352428 0.597272188396186 0.344845937812635
"SRS043058.SRX020549" 0.75796093719314 0.14084113229851 0.052510342812777 0.0486875876955729
"SRS015194.SRX020529" 0.151738630591816 0.313132501936242 0.340318751330545 0.194810116141397
"SRS014925.SRX020529" 0.00237159681915103 0.254799208010683 0.00223129008029381 0.740597905089872
"SRS018960.SRX020529" 0.693451675794039 0.178351149017075 0.126885829023318 0.00131134616556729
"SRS014970.SRX020529" 0.282289495468761 0.509713022708241 0.000594810433077836 0.20740267138992
"SRS044605.SRX020529" 0.314914277312098 0.622819389333993 0.0614767548900172 0.000789578463891421
"SRS015856.SRX020529" 0.58199452373964 0.407673083814724 0.00861302800180463 0.00171936444383134
"SRS049760.SRX020529" 0.251896864877743 0.09781430627508 0.0728260651481372 0.577462763699039
"SRS014617.SRX020529" 0.107316161153193 0.364155476712445 0.0256076363580798 0.502920725776282
"SRS052485.SRX020529" 0.541364258714678 0.234292132049996 0.00111039767493491 0.22323321156039
"SRS019675.SRX020529" 0.250177108109981 0.711588431591019 0.0271895807228016 0.0110448795761984
"SRS019677.SRX020529" 0.143279001075539 0.736314219746162 0.101365337113739 0.0190414420645595
"SRS014827.SRX020529" 0.13757685326754 0.00283177533417269 0.0021876483399175 0.85740372305837
"SRS015496.SRX020529" 0.00102227228042348 0.740755982262629 0.000797498205480004 0.257424247251468
"SRS052566.SRX020527" 0.928181262508032 0.0693811772139089 0.0015544335696685 0.000883126708390202
"SRS055748.SRX020527" 0.480718374083373 0.50962221367735 0.00433614591926502 0.00532326632001162
"SRS019081.SRX020545" 0.0928629768905126 0.881553762948244 0.00303221430276161 0.0225510458584823
"SRS011551.SRX020660" 0.293521007833529 0.0150472451565736 0.000696218159291579 0.690735528850606
"SRS011498.SRX020662" 0.00201932745812445 0.59334705701625 0.00085792811441216 0.403775687411213
"SRS049760.SRX020551" 0.379868943495932 0.079684368166175 0.0518360111312967 0.488610677206596
"SRS011375.SRX020571" 0.678108869764272 0.0051582757343732 0.061556150831718 0.255176703669637
"SRS019308.SRX020552" 0.45321837128565 0.293213015373546 0.250290536156068 0.00327807718473617
"SRS043378.SRX020524" 0.511224968857467 0.144757523468697 0.297664342325851 0.046353165347984
"SRS047320.SRX020524" 0.483708664507671 0.242004103497104 0.17532130815254 0.0989659238426845
"SRS047255.SRX020524" 0.438968689556041 0.558878958767458 0.00110909538856937 0.00104325628793222
"SRS022954.SRX020679" 0.0931474881170639 0.902885293515669 0.00164756201653516 0.0023196563507323
"SRS023075.SRX020680" 0.259322399007117 0.629271277853729 0.00623694550997943 0.105169377629175
"SRS020147.SRX020680" 0.548997956662097 0.146500097580929 0.0735944174281158 0.230907528328858
"SRS020204.SRX020680" 0.369679813653961 0.370783853248322 0.0604922666619374 0.199044066435779
"SRS020206.SRX020680" 0.456487598430081 0.410419802268524 0.00932248137066116 0.123770117930734
"SRS022442.SRX020680" 0.771182879324024 0.136164491115591 0.0886420553990103 0.0040105741613752
"SRS023879.SRX020681" 0.662006197041429 0.293262536890407 0.0377490758329146 0.00698219023524993
"SRS024541.SRX020681" 0.378785166779971 0.619829706690501 0.000783757966719214 0.000601368562808815
"SRS042289.SRX020681" 0.697534361421209 0.294822403377278 0.00661049521686578 0.00103273998464721
"SRS052195.SRX020681" 0.682528023579309 0.150401284551539 0.102933136638788 0.0641375552303642
"SRS043640.SRX020681" 0.588816513025229 0.164906785073199 0.243836834197041 0.00243986770453155
"SRS021629.SRX020682" 0.17749558665364 0.10126309697456 0.58209040227065 0.13915091410115
"SRS022952.SRX020683" 0.0515698108001025 0.53236763864175 0.00315191643844775 0.4129106341197
"SRS021938.SRX020683" 0.680870343384104 0.317765478853961 0.000604504492880546 0.000759673269054593
"SRS052195.SRX020683" 0.566034950004258 0.183100427796969 0.187666770703058 0.0631978514957147
"SRS043640.SRX020683" 0.554680308672963 0.110040632083753 0.327896975265429 0.00738208397785547
"SRS024541.SRX020683" 0.356909267705969 0.642028201968134 0.000562547549155858 0.000499982776741127
"SRS065309.SRX020684" 0.723675664974446 0.274452132538966 0.000972951064206372 0.000899251422381319
"SRS044375.SRX020684" 0.466264844546449 0.338886099354928 0.0958544931223524 0.0989945629762714
"SRS056063.SRX020684" 0.278354775395635 0.628971457235309 0.0921462120292294 0.000527555339826652
"SRS047499.SRX020685" 0.746011588189476 0.00188132580253176 0.237261635820138 0.0148454501878543
"SRS050653.SRX020685" 0.771106482162992 0.0384631666524093 0.189399223027562 0.00103112815703624
"SRS051667.SRX020685" 0.575284412316336 0.208278673975612 0.213255615242631 0.0031812984654206
"SRS043043.SRX020685" 0.294977021309803 0.524388308059055 0.179364452922104 0.00127021770903791
"SRS046874.SRX020686" 0.388955434708931 0.0941314346406045 0.357657172795356 0.159255957855108
"SRS051241.SRX020686" 0.4811549735057 0.0011236860955899 0.226941326986662 0.290780013412048
"SRS050170.SRX020686" 0.386273730325925 0.06621859338491 0.545532870862379 0.00197480542678635
"SRS044511.SRX020687" 0.316842885489569 0.244985464210101 0.437512264750452 0.000659385549877744
"SRS053440.SRX020687" 0.71509495085914 0.243278552592104 0.0409747263912092 0.000651770157546774
"SRS051180.SRX020688" 0.592610513141588 0.184394772327031 0.00532185893740438 0.217672855593977
"SRS050980.SRX020688" 0.331523259812951 0.622960514558265 0.0449664725728362 0.00054975305594746
"SRS062836.SRX020689" 0.498460805522704 0.408568140700817 0.0699459046345662 0.0230251491419127
"SRS051180.SRX020690" 0.202657456465649 0.206056216710272 0.249521492376083 0.341764834447995
"SRS015444.SRX020564" 0.00126595677865779 0.249984685800501 0.0430402364315056 0.705709120989336
"SRS057938.SRX020549" 0.372365237304485 0.0716491172433541 0.175318186181276 0.380667459270886
"SRS063998.SRX020549" 0.33779154567118 0.252763080106081 0.00599967359725166 0.403445700625487
"SRS054288.SRX020549" 0.138267838235457 0.2496162587754 0.275475919620065 0.336639983369077
"SRS049098.SRX020549" 0.993710656231796 0.00197779452828083 0.00259903037776575 0.00171251886215781
"SRS046963.SRX020549" 0.405428084656386 0.549253442530171 0.000807500867204004 0.0445109719462396
"SRS044602.SRX020549" 0.591775562698291 0.227178987872353 0.00252963868872237 0.178515810740633
"SRS018910.SRX020529" 0.691361246998617 0.295281848054615 0.00154132848660264 0.0118155764601658
"SRS014239.SRX020529" 0.406344140900902 0.184166918291147 0.0481710661545982 0.361317874653353
"SRS055347.SRX020549" 0.854413898071078 0.00129287865287451 0.00155127283318982 0.142741950442858
"SRS049760.SRX020561" 0.373447072206241 0.0556360879034312 0.00218283066938965 0.568734009220938
"SRS065022.SRX020548" 0.0821906886444192 0.399817609390501 0.00294795176659545 0.515043750198484
"SRS042274.SRX020552" 0.573007953584996 0.425274354878907 0.000910897248334055 0.000806794287763491
"SRS045479.SRX021470" 0.927361849733625 0.0641814191080658 0.00294764994312633 0.00550908121518321
"SRS053706.SRX021470" 0.52633468083523 0.340365861030187 0.0032138235919899 0.130085634542593
"SRS024710.SRX021470" 0.516714744825207 0.378319700238815 0.103543190596087 0.00142236433989105
"SRS050320.SRX021470" 0.520479651869581 0.402011709949864 0.0309717252134111 0.0465369129671442
"SRS023332.SRX022223" 0.316283108454956 0.539240492680879 0.1343736008159 0.0101027980482655
"SRS023393.SRX022223" 0.667480688125076 0.218886442265511 0.0369926005383719 0.0766402690710404
"SRS023395.SRX022223" 0.485808737026513 0.416833000677057 0.0932704139042825 0.00408784839214761
"SRS022765.SRX022226" 0.346388571768053 0.495610444136999 0.157299301837367 0.000701682257581361
"SRS023701.SRX022223" 0.332583173542754 0.12634010015667 0.513599665922633 0.027477060377943
"SRS022763.SRX022226" 0.397409199507881 0.301860448224494 0.299141277116427 0.00158907515119758
"SRS022574.SRX022226" 0.740994823994044 0.252942699853748 0.00515369629007479 0.000908779862133369
"SRS023134.SRX022226" 0.319115398983854 0.392147844442941 0.287155173700067 0.0015815828731384
"SRS022699.SRX022226" 0.996182623651964 0.00115043628706205 0.00140190349066774 0.00126503657030593
"SRS022576.SRX022226" 0.470090417337231 0.228383250179559 0.300473894959806 0.00105243752340407
"SRS064586.SRX022229" 0.395463747162998 0.00249747667102084 0.59943458788346 0.00260418828252103
"SRS062748.SRX022229" 0.721729052220639 0.00198281730852211 0.268327443050195 0.0079606874206435
"SRS023330.SRX022229" 0.442012175797704 0.529202616079904 0.0274134253449392 0.00137178277745249
"SRS064735.SRX022229" 0.598054239982348 0.118898569833357 0.28212086196566 0.000926328218635118
"SRS063239.SRX022229" 0.575637938914027 0.418645531944114 0.00483393762184374 0.000882591520015658
"SRS065701.SRX022229" 0.625866778782948 0.0949011775057637 0.219832138442366 0.0593999052689219
"SRS024712.SRX022229" 0.724744910951838 0.247856716599774 0.0261010525346054 0.00129731991378181
"SRS045191.SRX022229" 0.835798553460389 0.141981255817612 0.00163420409643691 0.0205859866255618
"SRS020500.SRX022230" 0.788179580923817 0.0768298731274082 0.133801340185322 0.00118920576345318
"SRS021093.SRX022230" 0.00595592917832894 0.990644385919812 0.00219243057692428 0.00120725432493464
"SRS021269.SRX022235" 0.582034925944452 0.163868897299602 0.00209633811980923 0.251999838636137
"SRS021271.SRX022235" 0.694853377560936 0.141291928138356 0.00183557751493817 0.162019116785769
"SRS021011.SRX022235" 0.689127026188874 0.0856816698795485 0.0996210302019391 0.125570273729639
"SRS021013.SRX022235" 0.785825531416621 0.211213917724618 0.00118008356787103 0.00178046729089045
"SRS020785.SRX022235" 0.759625546971365 0.145502449211898 0.0670378603135421 0.0278341435031947
"SRS043291.SRX022238" 0.396114707355815 0.156354421895058 0.446636615999738 0.000894254749388642
"SRS042117.SRX022238" 0.461996149994532 0.0139270033678289 0.523424420481934 0.000652426155704593
"SRS064399.SRX022238" 0.337256380798537 0.119854169558025 0.498002710229673 0.0448867394137646
"SRS063361.SRX022238" 0.438149281010078 0.178419542885291 0.382590904725516 0.000840271379114445
"SRS046142.SRX022238" 0.543666215613914 0.262247856057391 0.10038299617372 0.0937029321549748
"SRS050604.SRX022238" 0.526927541512172 0.153373680631168 0.204061969553531 0.115636808303129
"SRS063457.SRX022238" 0.52230530598326 0.208219967158394 0.0578783437945604 0.211596383063785
"SRS021457.SRX022239" 0.487997007876697 0.510013963563511 0.000984476902315972 0.00100455165747599
"SRS020671.SRX022239" 0.643850869920351 0.171473591605239 0.181999510391059 0.00267602808335133
"SRS020728.SRX022239" 0.609066783877228 0.00166945705643719 0.386791343439373 0.00247241562696191
"SRS022319.SRX022233" 0.495281899515886 0.183704874330445 0.188991999147231 0.132021227006438
"SRS020783.SRX022233" 0.546355606462308 0.374325960980555 0.0542608535594197 0.0250575789977174
"SRS022063.SRX022233" 0.352875593918367 0.589739481453542 0.0561281110667586 0.00125681356133302
"SRS021332.SRX022233" 0.455307677302847 0.540756841192064 0.00250529169776129 0.00143018980732771
"SRS022187.SRX022233" 0.365953682809271 0.545695001170194 0.0875121044673352 0.000839211553199863
"SRS054708.SRX022234" 0.490175799113424 0.419338736967736 0.0257160450171838 0.0647694189016563
"SRS057060.SRX022234" 0.809883278520217 0.0553832241302983 0.133500130167745 0.00123336718173975
"SRS056542.SRX022234" 0.298660090021099 0.698744516452632 0.00189059258858377 0.000704800937685375
"SRS057943.SRX022234" 0.26475008741805 0.422563664280556 0.311000834712779 0.00168541358861465
"SRS056770.SRX022234" 0.244649879310294 0.70171156333514 0.0509850537430248 0.00265350361154103
"SRS055028.SRX022234" 0.364229784186824 0.424011302753122 0.210671677210736 0.00108723584931789
"SRS046038.SRX022234" 0.633605408376357 0.358027485839318 0.00168671535659179 0.00668039042773327
"SRS058818.SRX022234" 0.57836353239468 0.242131141886684 0.177965814098311 0.00153951162032545
"SRS022189.SRX022233" 0.354828863686832 0.25346380674572 0.390324357465569 0.00138297210188025
"SRS054232.SRX022234" 0.67332852632627 0.214740689468528 0.105310350863239 0.00662043334196393
"SRS052268.SRX022234" 0.280652296683783 0.541105698405709 0.177022485109307 0.00121951980120103
"SRS057481.SRX022234" 0.753234033838883 0.23690424477512 0.00889947085525414 0.00096225053074327
"SRS047723.SRX022234" 0.316815941329397 0.67825750672558 0.00385413495563504 0.00107241698938774
"SRS051099.SRX022234" 0.466138779250031 0.412363376436525 0.0992432663665764 0.0222545779468675
"SRS058251.SRX022234" 0.545356053414214 0.397429293950441 0.0563864119636408 0.000828240671704785
"SRS021752.SRX022231" 0.130548296427455 0.605988268424218 0.262526798610925 0.00093663653740108
"SRS021754.SRX022231" 0.0313451299050811 0.555739087379607 0.271303940327726 0.141611842387586
"SRS022061.SRX022231" 0.441064960747315 0.5419356202442 0.00327152255523764 0.013727896453248
"SRS022321.SRX022231" 0.562992144797523 0.277585945462268 0.0422415401075708 0.117180369632638
"700014544.V35.241762" 0.669766164018335 0.323176137784743 0.000761243154813902 0.00629645504210819
"700016651.V35.241837" 0.504501713381928 0.00121417914951015 0.0334219845073672 0.460862122961195
"700015560.V35.241712" 0.958003253945605 0.0398082621914888 0.00111835440963883 0.00107012945326751
"700014820.V35.241722" 0.636967466219375 0.257695257513331 0.104426373737964 0.000910902529330266
"700014818.V35.241722" 0.468261027580543 0.526958868293144 0.00376753633507405 0.00101256779123856
"700015664.V35.241767" 0.784820626582365 0.112824259472149 0.1011376109993 0.00121750294618651
"700015291.V35.241748" 0.607526215448345 0.00440948856647629 0.0020904516798525 0.385973844305326
"700033778.V35.241764" 0.740458006762617 0.00136375401657837 0.00646270431573277 0.251715534905072
"700033776.V35.241764" 0.690914603699843 0.00189946969118737 0.136499096789397 0.170686829819572
"700014546.V35.241762" 0.79993964446469 0.178872978406477 0.00145645672852603 0.0197309204003063
"700014756.V35.241810" 0.991703763951801 0.00532951059054192 0.00161902869978868 0.00134769675786816
"SRS016547.SRX019635" 0.970657346046847 0.0267799652912013 0.00146050459321484 0.00110218406873732
"SRS016547.SRX019636" 0.993729934932791 0.00102984118999375 0.00404980353735584 0.00119042033985903
"SRS013678.SRX019635" 0.647061224764562 0.000776752591647795 0.0192874016618595 0.332874620981931
"SRS017669.SRX019635" 0.951224139208416 0.00559509889585963 0.0026779367586695 0.0405028251370547
"SRS016545.SRX019636" 0.760750684334951 0.236589188459442 0.00154470164009654 0.00111542556551138
"SRS016545.SRX019635" 0.74584053095746 0.252092468651573 0.00110011971243339 0.000966880678533282
"SRS017669.SRX019636" 0.996031238761709 0.00138440395537937 0.00129615105653499 0.00128820622637709
"SRS013678.SRX019636" 0.559360412230186 0.000867870264303564 0.000967212821003312 0.438804504684507
"SRS018455.SRX019684" 0.949493634028739 0.0480369669713341 0.00113436181547187 0.00133503718445501
"SRS017148.SRX019684" 0.689498231411397 0.00138037754623975 0.0115688057409861 0.297552585301377
"SRS016479.SRX019686" 0.989710399594923 0.00108399581804343 0.00814900630795334 0.00105659827908033
"SRS017296.SRX020211" 0.81009518978672 0.0242813999245144 0.163265495030383 0.00235791525838292
"SRS049599.SRX020561" 0.872968882720803 0.00107256561995835 0.000943760162362395 0.125014791496877
"SRS014357.SRX020561" 0.608103556628335 0.000881543953941842 0.000966081781686751 0.390048817636036
"SRS014450.SRX020561" 0.366536368872891 0.000708850522269646 0.00104389972415618 0.631710880880683
"SRS052485.SRX020561" 0.527956854407929 0.180782751277595 0.000729097333348546 0.290531296981127
"SRS015856.SRX020561" 0.801669070463073 0.145593056310799 0.00124099965389167 0.0514968735722366
"SRS052485.SRX020582" 0.603348045780719 0.207198460887424 0.00108545020939149 0.188368043122465
"SRS047772.SRX020561" 0.739211351044177 0.100577002770032 0.00292034191786271 0.157291304267929
"SRS015901.SRX020520" 0.937789430697735 0.0472368889721073 0.00175542702539747 0.0132182533047605
"SRS019001.SRX020520" 0.868103503625419 0.00159430030281652 0.12909145302504 0.00121074304672453
"SRS011675.SRX020660" 0.777209344636357 0.000959718251241589 0.00246121529035273 0.219369721822049
"SRS011675.SRX020668" 0.714228387246308 0.00108355344994329 0.0168046198351154 0.267883439468634
"SRS011177.SRX020669" 0.461501310686836 0.0423469785194695 0.131987146516178 0.364164564277516
"SRS011377.SRX020515" 0.862528079564452 0.00153585800498671 0.00116340000158816 0.134772662428973
"SRS049599.SRX020551" 0.860080456970674 0.0165040541352945 0.122457202792501 0.000958286101529683
"SRS018910.SRX020552" 0.786012585558078 0.160451395863752 0.011006647668517 0.0425293709096529
"SRS018912.SRX020552" 0.756116170471383 0.216230771643025 0.00102664516867287 0.0266264127169191
"SRS018698.SRX020552" 0.844192636208368 0.00193624933328864 0.107002675405984 0.0468684390523594
"SRS047772.SRX020566" 0.54425420878912 0.144705832758522 0.0115609771238349 0.299478981328524
"SRS043848.SRX020524" 0.761581943841184 0.00212024052779187 0.235146665610225 0.00115115002079944
"SRS057499.SRX020524" 0.316153735081055 0.0651413230446086 0.00106394332151028 0.617640998552826
"SRS014355.SRX020529" 0.622251522189239 0.00108794016275345 0.00160997758749597 0.375050560060511
"SRS014877.SRX020529" 0.682940950924721 0.000762585867272408 0.000905824799262637 0.315390638408744
"SRS045119.SRX020529" 0.275386202034538 0.0945490496858047 0.205703200085445 0.424361548194212
"SRS019399.SRX020529" 0.972228705806013 0.0213039313764317 0.00526908155553405 0.0011982812620216
"SRS046755.SRX020527" 0.996231264082376 0.00123159278126678 0.0010697775008633 0.0014673656354937
"SRS014291.SRX020566" 0.235715256173325 0.00109379069918273 0.00100609431860435 0.762184858808888
"SRS057421.SRX020524" 0.664001599922108 0.277341329333243 0.0578019078170782 0.000855162927570473
"SRS021938.SRX020679" 0.755691449143129 0.242527866338994 0.00094773771550002 0.000832946802377054
"SRS021940.SRX020679" 0.752882026087537 0.245532093489794 0.000673156050443247 0.000912724372225063
"SRS021571.SRX020682" 0.46824051421353 0.0047968470914875 0.525353002181633 0.00160963651335036
"SRS064418.SRX020689" 0.60680705079224 0.00134272200896988 0.371806590390481 0.020043636808309
"SRS065158.SRX020689" 0.508176562587024 0.0560015112452572 0.339501760073972 0.0963201660937474
"SRS014877.SRX020582" 0.728671483889683 0.00140781044955217 0.00111212007266693 0.268808585588098
"SRS014452.SRX020561" 0.469893640515196 0.000712508464772279 0.000962160264283385 0.528431690755748
"SRS023821.SRX021470" 0.577459833008154 0.340758936736539 0.078657066089871 0.00312416416543595
"SRS023270.SRX022229" 0.725756081565623 0.264921838479012 0.0078072424148704 0.00151483754049467
"700015481.V35.241665" 0.818016884186955 0.000957720734767055 0.179470088407296 0.00155530667098261
"700015104.V35.241773" 0.990340118489344 0.00500706125083441 0.00142052049300324 0.00323229976681839
"700015557.V35.241712" 0.995610782044116 0.00134089783907944 0.00153738673747669 0.00151093337932778
"700015667.V35.241767" 0.933698222779455 0.0484684605646589 0.00252952797117663 0.0153037886847094
"SRS011441.SRX020662" 0.000712153076487207 0.420080404799501 0.000543221092003636 0.578664221032008
"SRS011441.SRX020664" 0.00149154622575788 0.371519881951947 0.000751876188711581 0.626236695633583
"SRS018457.SRX019684" 0.362422945530231 0.0830863798887835 0.514523179244395 0.039967495336591
"SRS014770.SRX020561" 0.0639122786356492 0.000660859000372437 0.000683785046812135 0.934743077317166
"SRS015442.SRX020564" 0.137499726673148 0.617380222445745 0.00687089186938945 0.238249159011718
"SRS018700.SRX020552" 0.275248674039007 0.0136559738183904 0.673090902676113 0.0380044494664901
"SRS055191.SRX020686" 0.276441435385052 0.00148738914490034 0.721168994064102 0.00090218140594587
"SRS055470.SRX020549" 0.31651812762135 0.000746326207241301 0.274172495981969 0.40856305018944
"SRS044993.SRX020524" 0.525727126653904 0.00281976341712694 0.397644236368225 0.0738088735607442
"SRS020897.SRX019691" 0.341530919732933 0.272124686471857 0.343152839479362 0.0431915543158469
"SRS023206.SRX019692" 0.813853088736082 0.0460424426778771 0.0115894465351229 0.128515022050918
"SRS023204.SRX019692" 0.552176371241376 0.402893370513562 0.00252602407526873 0.0424042341697932
"SRS011177.SRX020666" 0.577926072544251 0.0012908402176234 0.204972660339099 0.215810426899027
"SRS064961.SRX020517" 0.309305533057966 0.546418536960335 0.0216378953878899 0.122638034593809
"SRS058193.SRX020524" 0.66517345138614 0.0516736304645406 0.188970534141879 0.0941823840074399
"SRS046302.SRX020681" 0.753917428138766 0.153371696691715 0.00183543083471836 0.0908754443348012
"SRS047422.SRX020524" 0.593581768910652 0.404548455595558 0.000741921592323332 0.00112785390146655
"SRS019001.SRX020510" 0.78643587230278 0.00496492302378786 0.207460906370572 0.00113829830286011
"SRS050283.SRX020685" 0.480170569665796 0.02592658431065 0.341580572160197 0.152322273863357
"SRS023764.SRX019681" 0.995117297827398 0.00175709773142326 0.00167036694679709 0.00145523749438173
"SRS046977.SRX020552" 0.928710073424121 0.00598144128925748 0.0641886092421743 0.00111987604444757
"SRS021334.SRX022235" 0.377105541832412 0.619354467928609 0.00227701403227374 0.00126297620670482
"SRS019003.SRX020520" 0.490176606653592 0.00195117915793358 0.234389773000485 0.273482441187989
"SRS017092.SRX019687" 0.537572994175454 0.146123067622407 0.00242176467226219 0.313882173529876
"SRS046505.SRX020524" 0.404499194440634 0.576183561847 0.0019807299747609 0.0173365137376049
"SRS046941.SRX020524" 0.0142344472910676 0.740069570791178 0.0235304450253219 0.222165536892432
"SRS043253.SRX020549" 0.311407554051875 0.00130939595937557 0.00169391804976708 0.685589131938982
"SRS017294.SRX019686" 0.44378900659081 0.00149335880253362 0.551328643268949 0.00338899133770756
"SRS017294.SRX020194" 0.559891317072142 0.00157657438959774 0.435054509842182 0.00347759869607866
"SRS042989.SRX020552" 0.928546104222884 0.00390684156370463 0.0018947235908732 0.0656523306225383
"SRS058482.SRX020681" 0.643370725309578 0.246589592425523 0.000953017707650876 0.109086664557248
"700016654.V35.241837" 0.240925878113235 0.000461647749688275 0.000519188196612323 0.758093285940464
"SRS023999.SRX019681" 0.993725710836351 0.0020322230290268 0.00255032207987309 0.00169174405474953
"SRS024001.SRX019681" 0.866055941154909 0.00476042062181658 0.00223448053400809 0.126949157689266
"SRS051449.SRX020552" 0.757129839567916 0.240273776152582 0.00177689454650021 0.000819489733001531
"SRS019447.SRX020552" 0.995363433386378 0.00224010649621603 0.00131610124339016 0.00108035887401554
"SRS019449.SRX020552" 0.673346089239316 0.262059422440439 0.0134500375315886 0.0511444507886564
"SRS044834.SRX020552" 0.777252869064993 0.217395865010727 0.00154339744648791 0.00380786847779188
"SRS055787.SRX020552" 0.811146753544556 0.0708340929146177 0.117061346043696 0.000957807497130766
"SRS047581.SRX020549" 0.296700652674086 0.0111515855845813 0.579911557024976 0.112236204716358
"SRS018958.SRX020552" 0.795323230239059 0.0112867433224702 0.00169588121635433 0.191694145222117
"SRS065362.SRX020689" 0.46007936736538 0.00149067415921552 0.537813251213234 0.000616707262170357
"SRS062773.SRX022229" 0.227433309408648 0.033512167257137 0.738156180430006 0.000898342904209496
"SRS049002.SRX020524" 0.631652134275497 0.194009011846587 0.144824646597689 0.0295142072802269
"SRS045400.SRX020524" 0.00089068290489485 0.00121863531239626 0.997152580497262 0.000738101285446689
"SRS062961.SRX020689" 0.816942077712453 0.0750386709229275 0.101485585691413 0.00653366567320572
"SRS023762.SRX019681" 0.923288316463956 0.0710513607032599 0.00408624877041338 0.00157407406237055
"SRS053637.SRX020527" 0.968314073574802 0.0294084301780384 0.00115915723658776 0.00111833901057194
"SRS048971.SRX020527" 0.411329619759253 0.00122216334125506 0.5864352978055 0.00101291909399244
"SRS022697.SRX022226" 0.904318117574057 0.00153969487686038 0.0929366633508406 0.0012055241982425
"SRS056181.SRX020684" 0.88689219333 0.00168215196325026 0.110195785597123 0.00122986910962695
"SRS011673.SRX020668" 0.515658243355546 0.0016101096573424 0.070843057709811 0.4118885892773
"SRS011606.SRX020668" 0.309604896860148 0.52200511226777 0.0998293409191046 0.0685606499529772
"SRS019401.SRX020552" 0.989341978980099 0.00632658244728995 0.00332167152526496 0.00100976704734632
"SRS011673.SRX020660" 0.715770704799582 0.000941331931823079 0.00119356907639133 0.282094394192204
"SRS019399.SRX020552" 0.870620967319746 0.00199248145268943 0.105356204663404 0.022030346564161
"SRS014357.SRX020566" 0.608405881388513 0.00104772710320519 0.00117129045746232 0.389375101050819
