"1" "2" "3" "4" "5"
"SRS043704.SRX020690" 0.146364558032954 0.331362808226053 0.443115908826049 0.000539339071872749 0.0786173858430715
"SRS049355.SRX020682" 0.29365066734837 0.187277742465521 0.393658962611709 0.0232648377626942 0.102147789811706
"SRS019556.SRX020561" 0.123124886160264 0.0801861712756319 0.629634780749747 0.16673283039466 0.000321331419697474
"SRS015198.SRX020561" 0.000577417116906491 0.00756738274693342 0.055776732392752 0.935767501738809 0.000310966004599104
"SRS019679.SRX020561" 0.0865917372886829 0.0300020311818463 0.185011634009791 0.69718101654832 0.0012135809713595
"SRS015139.SRX020561" 0.00536045728713195 0.00134112613064186 0.000706567270263252 0.96816943202658 0.0244224172853827
"SRS015805.SRX020562" 0.0406859168085623 0.564768512027516 0.0453324378497386 0.310367352449777 0.0388457808644056
"SRS019552.SRX020547" 0.279877604116637 0.390655437943798 0.113365081365913 0.215575212873439 0.000526663700213332
"SRS019552.SRX020529" 0.238415692582364 0.348798045684807 0.387520799455981 0.0249260834673903 0.000339378809458527
"SRS015192.SRX020529" 0.283969338148644 0.204001024397868 0.403838596376011 0.107789564865747 0.000401476211729997
"SRS023019.SRX020682" 0.0715006609761498 0.111364639616844 0.767215042463514 0.000848438745317839 0.0490712181981739
"SRS024545.SRX020682" 0.241775774332292 0.113303835946712 0.454178372105739 0.152751857195812 0.0379901604194447
"SRS042602.SRX020690" 0.0245953078279442 0.244405372285234 0.419788116412238 0.0072614940597083 0.303949709414875
"SRS063268.SRX020548" 0.0844294672110264 0.168307745118231 0.56930019781083 0.116372613471074 0.0615899763888388
"SRS042360.SRX021470" 0.0238955414923765 0.00127888298141196 0.771655726357931 0.0591745957869638 0.143995253381316
"SRS065711.SRX022229" 0.000872568922794374 0.0260081132040789 0.702390715579713 0.0253576588018956 0.245370943491519
"SRS024365.SRX019684" 0.395732767910114 0.0393551550940231 0.257161993500547 0.0166619993984163 0.2910880840969
"SRS018555.SRX020529" 0.00708746463584177 0.173204595688757 0.243871865538466 0.564447049377747 0.0113890247591885
"SRS055187.SRX020687" 0.129192170435435 0.587081005254148 0.273157750784905 0.00220286057022673 0.00836621295528552
"700014999.V35.241686" 0.486344419936499 0.016856122343562 0.00123697227620662 0.0182872887895234 0.477275196654209
"SRS043187.SRX020686" 0.312136195721301 0.114826287150364 0.544909251117576 0.0265418171994109 0.00158644881134773
"SRS045482.SRX020686" 0.287966562602107 0.398577559309077 0.295973678004581 0.0144498305200012 0.00303236956423368
"SRS045403.SRX020690" 0.0391761934815181 0.0662321478857762 0.487197518318718 0.000423211890229469 0.406970928423758
"SRS019498.SRX020529" 0.011275396342445 0.129370625597418 0.658552387010824 0.200436945583805 0.000364645465508529
"SRS020267.SRX019636" 0.123054141874697 0.0445934196738867 0.824855212001073 0.00135451841990066 0.00614270803044216
"SRS017549.SRX019635" 0.0759498381566179 0.0833625046076533 0.82251492818409 0.0174144874764746 0.000758241575164295
"SRS020263.SRX019636" 0.429052571895829 0.415346128843526 0.154586485103102 0.000516293546227793 0.000498520611314973
"SRS017549.SRX019636" 0.0473790049423832 0.0857117396565441 0.846831904170002 0.0188778528118134 0.00119949841925743
"SRS020267.SRX019635" 0.0933424701178975 0.0151383914824277 0.875156934428143 0.00191237655047051 0.0144498274210616
"SRS023768.SRX019681" 0.687654333975663 0.00333408722861214 0.307231293750552 0.000987168898101499 0.000793116147071062
"SRS020443.SRX019682" 0.667239644956504 0.0721630423038556 0.114183103883312 0.000792522197806459 0.145621686658522
"SRS058182.SRX019682" 0.429493220882879 0.555453752877519 0.0140151779640237 0.000614862952293141 0.00042298532328446
"SRS024363.SRX019684" 0.207657915270508 0.00841774054427588 0.650817361838643 0.00059746876501419 0.13250951358156
"SRS024482.SRX019684" 0.248263428060652 0.158941481926991 0.591709248859301 0.00075839846619417 0.000327442686861771
"SRS017731.SRX019687" 0.230529108687136 0.536629637505959 0.099112859622877 0.00224727520799721 0.131481118976031
"SRS017487.SRX019687" 0.000664332022468895 0.00122870545593541 0.643014978451724 0.100629750454435 0.254462233615437
"SRS024124.SRX019686" 0.338340652736749 0.0189282825642424 0.462713047490914 0.000439335373163194 0.179578681834931
"SRS016672.SRX019691" 0.000740898464308759 0.240122824551816 0.556475603983054 0.0433915670066448 0.159269105994177
"SRS023942.SRX019690" 0.195779444085897 0.00423622998829713 0.685154443325696 0.00102483423105175 0.113805048369057
"SRS018343.SRX019691" 0.838598493432793 0.0243596128512848 0.102808867911025 0.00632398443998549 0.0279090413649116
"SRS017035.SRX019691" 0.319763787108341 0.347767257627962 0.230388040741339 0.0222458908474699 0.079835023674888
"SRS013727.SRX019690" 0.0808500779818954 0.00208018237058867 0.672875706353037 0.0011669529989286 0.24302708029555
"SRS023944.SRX019690" 0.34438868494931 0.0116739441862765 0.472927465667298 0.000940617390060419 0.170069287807054
"SRS024236.SRX019696" 0.864553462572007 0.00262081001645019 0.0438748323173801 0.000861539288827386 0.0880893558053355
"SRS022641.SRX019696" 0.0246541254146016 0.0812389993596968 0.641700243535699 0.00311126267851685 0.249295369011486
"SRS016376.SRX019693" 0.111210933835669 0.169707848731755 0.708550790075466 0.000882672211183837 0.00964775514592558
"SRS022643.SRX019696" 0.000808328845500813 0.053568207573552 0.916009687304744 0.00109425122019739 0.0285195250560057
"SRS022637.SRX019696" 0.00118141323879432 0.376665780389159 0.455673590866612 0.000429324970737888 0.166049890534697
"SRS022643.SRX019692" 0.00884169263366321 0.0765692746786424 0.87536476812618 0.000835050764317142 0.0383892137971976
"SRS023942.SRX019698" 0.180745836864404 0.0023823162978634 0.669601845843242 0.00150984960002268 0.145760151394467
"SRS016883.SRX019696" 0.920642239888968 0.00688433839560527 0.0683099543318993 0.00100572840730593 0.00315773897622104
"SRS023204.SRX019696" 0.441269247987445 0.469025709973937 0.00327647488468759 0.000631003483603127 0.0857975636703274
"SRS022639.SRX019696" 0.000762820049201157 0.889638107691492 0.107873986738697 0.000552380773094113 0.00117270474751622
"SRS023942.SRX020204" 0.272179595411396 0.021391072962076 0.623054467485168 0.000785525268546668 0.0825893388728133
"SRS022639.SRX019692" 0.000903147210882574 0.976478333103255 0.0212683987863035 0.000655796934805652 0.000694323964753279
"SRS044714.SRX020217" 0.306930739524247 0.0381308797403293 0.62796815669719 0.0239278306571559 0.00304239338107847
"SRS023768.SRX020198" 0.467599444101185 0.0757782088129672 0.429641165037987 0.0260824412749171 0.000898740772944266
"SRS024659.SRX020208" 0.334306915596373 0.00899776989943512 0.613086520507677 0.0423999759203642 0.00120881807615089
"SRS016376.SRX020205" 0.205589566982368 0.124501445211811 0.633899416521297 0.0139299320954462 0.0220796391890774
"SRS024058.SRX020198" 0.469014187982959 0.106055486452497 0.422441670636515 0.000675473491847144 0.00181318143618144
"SRS019554.SRX020560" 0.2758237980761 0.417985831858769 0.209448305412787 0.0634515328049157 0.0332905318474283
"SRS015196.SRX020561" 0.00154057469523949 0.000383883215860619 0.00114104240905577 0.996408028002737 0.00052647167710772
"SRS014927.SRX020561" 0.00436356667502694 0.00347114072669591 0.54036205404023 0.451483695776965 0.000319542781082365
"SRS019558.SRX020561" 0.137345842146714 0.0710866670985498 0.59306029787911 0.198224336107961 0.000282856767665655
"SRS019554.SRX020561" 0.216147447449774 0.592303337502544 0.123058521205287 0.068008116893413 0.000482576948982426
"SRS015196.SRX020582" 0.00663503975447717 0.000448330186762922 0.00242513786320163 0.989909969533103 0.000581522662455445
"SRS019554.SRX020582" 0.243484752311736 0.629913263984537 0.0792827282443265 0.0467245708292659 0.000594684630134055
"SRS019677.SRX020561" 0.162027729022925 0.588974947894067 0.105463364802765 0.143204445515045 0.000329512765198454
"SRS019677.SRX020582" 0.153868807015385 0.722926560229819 0.0520829002289898 0.0706580248530499 0.000463707672756601
"SRS019005.SRX020510" 0.0795905518701599 0.0335486344971227 0.790541981646612 0.095489498726305 0.000829333259800264
"SRS019005.SRX020520" 0.0619920143349608 0.0551462432406634 0.778952503979127 0.103158996926894 0.000750241518354529
"SRS011551.SRX020668" 0.286271540590177 0.000600465575001785 0.000437386637269155 0.00042078379319639 0.712269823404356
"SRS017189.SRX020571" 0.192521067365301 0.046884868280495 0.0269445308517441 0.295821762205297 0.437827771297163
"SRS019552.SRX020551" 0.367322836341066 0.373313097777736 0.258299739000442 0.000659808681811283 0.000404518198945354
"SRS019554.SRX020551" 0.278134914779678 0.45563407298169 0.265241777802889 0.000475592745981394 0.000513641689761888
"SRS019552.SRX020557" 0.360740783943668 0.390836646750561 0.0590124841771076 0.18893564680514 0.000474438323522955
"SRS016052.SRX020566" 0.00508549203221401 0.00360156539845002 0.353258638232006 0.560646483554041 0.0774078207832892
"SRS015860.SRX020566" 0.146758823861614 0.00574274956061109 0.153068139943126 0.662190621856716 0.0322396647779332
"SRS057750.SRX020524" 0.427541634061372 0.434315070335967 0.0912005054286599 0.0466034448403919 0.000339345333609597
"SRS047456.SRX020549" 0.37333122444628 0.0386415658736766 0.330953423262999 0.179267121587394 0.0778066648296507
"SRS054358.SRX020549" 0.129121087733331 0.213079750664454 0.21164575650128 0.372615283052342 0.0735381220485935
"SRS053553.SRX020549" 0.239750251126242 0.555112051170762 0.000561258418424139 0.204110631087629 0.000465808196943812
"SRS018958.SRX020529" 0.627861829517553 0.0448042969857797 0.234161060465233 0.0817730885149434 0.0113997245164909
"SRS019308.SRX020529" 0.493377326434255 0.194557122432594 0.20667575562371 0.104907525052523 0.0004822704569176
"SRS018860.SRX020529" 0.0178893155729292 0.754832066626682 0.0937264710819251 0.132866488305063 0.000685658413400876
"SRS019627.SRX020529" 0.0744551795751674 0.00801069577282626 0.277458750811185 0.639588811630655 0.000486562210166977
"SRS018698.SRX020529" 0.65816816826152 0.0338838640724954 0.251459288866115 0.0554305542827388 0.00105812451713107
"SRS014927.SRX020529" 0.0979381099992925 0.000709694130999028 0.662345614022765 0.238213060868518 0.000793520978425342
"SRS063964.SRX020517" 0.0866400822642323 0.200843087541279 0.619050834434501 0.0930979765000862 0.000368019259902037
"SRS065533.SRX020517" 0.000363459432095956 0.000241666644684575 0.998567454907696 0.000590456210631375 0.000236962804891615
"SRS053393.SRX020527" 0.923884909773801 0.000818062187719633 0.0462241138743238 0.000726038747322443 0.0283468754168331
"SRS014879.SRX020566" 0.185835009894904 0.0925324862207448 0.383240734169474 0.222336630223945 0.116055139490932
"SRS044071.SRX020524" 0.770720278746207 0.222940741006893 0.0048167772691466 0.00112915019090389 0.000393052786849841
"SRS023017.SRX020679" 0.443678612210717 0.347265968574244 0.19467392363856 0.013588644255839 0.000792851320639979
"SRS057843.SRX020524" 0.578142325799856 0.414589154202819 0.00629961565332485 0.00058122261508186 0.000387681728917376
"SRS021569.SRX020679" 0.321522243935585 0.162743978285937 0.474500179038325 0.0152967312343103 0.0259368675058432
"SRS022444.SRX020680" 0.81599120947888 0.00170235515860877 0.136880992151042 0.00158850833355145 0.0438369348779181
"SRS023881.SRX020681" 0.421079367276012 0.434374324280742 0.0758782510758508 0.013337442433059 0.0553306149343361
"SRS047925.SRX020681" 0.854233404849614 0.0520631021682926 0.0644549015376878 0.00102622045130284 0.0282223709931026
"SRS021631.SRX020682" 0.0814257697675419 0.36848006125599 0.206245251367894 0.00136590310360608 0.342483014504968
"SRS020151.SRX020682" 0.429387849219983 0.0746242831106657 0.218990639970316 0.00178861190156096 0.275208615797474
"SRS021575.SRX020683" 0.0207770783654578 0.0088326518986156 0.968784234745791 0.000549156573069626 0.00105687841706621
"SRS044141.SRX020684" 0.0492679974564851 0.43287200868676 0.0953202879124591 0.000854026448230922 0.421685679496065
"SRS058765.SRX020684" 0.237363536003845 0.553091744486237 0.2087627393026 0.00042704081793553 0.00035493938938191
"SRS058390.SRX020684" 0.718613146886743 0.25157784994017 0.00165934607384982 0.000527048983065312 0.0276226081161723
"SRS053457.SRX020685" 0.200876933665993 0.550417636847868 0.247607277460304 0.000611748150781742 0.000486403875053583
"SRS042235.SRX020685" 0.165829607918583 0.813105106607127 0.017874110823417 0.000590801006785836 0.00260037364408806
"SRS046835.SRX020685" 0.085221118250957 0.205207656885019 0.708842348501275 0.0004283713477031 0.000300505015046323
"SRS046379.SRX020686" 0.0120271342224793 0.0347549047667077 0.891402772761855 0.0471067190448699 0.0147084692040883
"SRS058273.SRX020686" 0.282372527788317 0.122326643377196 0.496307678066038 0.000606873150899105 0.0983862776175498
"SRS047484.SRX020686" 0.541937330525868 0.0972089999448792 0.327869581833999 0.000694729415068401 0.0322893582801856
"SRS053138.SRX020686" 0.412380623201366 0.368962003348117 0.172051661877347 0.000407552412642629 0.0461981591605281
"SRS055673.SRX020687" 0.202950666467654 0.328175042741464 0.42636280380119 0.0265578928961072 0.0159535940935846
"SRS050248.SRX020687" 0.220934879052013 0.435506888646327 0.342654984273548 0.000587233482048525 0.000316014546063414
"SRS043241.SRX020687" 0.401997551055931 0.0650974588982245 0.481123399610642 0.00114329420513705 0.050638296230066
"SRS043568.SRX020688" 0.104192562741684 0.113043940453908 0.768189635063504 0.0134073803546363 0.00116648138626813
"SRS048865.SRX020687" 0.4834450986547 0.150292735696653 0.330371488895777 0.000665052721917927 0.0352256240309522
"SRS046089.SRX020688" 0.272573059658119 0.208774432999789 0.39982525603026 0.00068905104171683 0.118138200270115
"SRS053304.SRX020688" 0.0323802311823327 0.0875188334719371 0.811677442545281 0.00157054979847079 0.0668529430019786
"SRS063456.SRX020689" 0.101020597630829 0.00267985790504526 0.826753584272098 0.0685124218981773 0.00103353829385026
"SRS042830.SRX020688" 0.263885079363306 0.306669368717574 0.372478573251056 0.000822997194026771 0.0561439814740372
"SRS063488.SRX020689" 0.165354754842083 0.210502179727624 0.487745865670215 0.000961332319129548 0.135435867440948
"SRS063168.SRX020689" 0.265878810338952 0.15410157476997 0.0307626773386821 0.000526942663007226 0.548729994889388
"SRS064030.SRX020689" 0.531197217236835 0.0305656284407207 0.418537419839632 0.000646784981846235 0.0190529495009658
"SRS064312.SRX020689" 0.202205445574664 0.0012911453446463 0.794962261992705 0.000617514204779108 0.000923632883205411
"SRS052599.SRX020690" 0.031682093528041 0.0694068939589066 0.896404548003803 0.00175812707200104 0.000748337437248187
"SRS046874.SRX020690" 0.220810423398376 0.189320217443908 0.400492941640523 0.000402344574382508 0.18897407294281
"SRS058273.SRX020690" 0.188387325434773 0.107103403244291 0.532523254390553 0.000813881737498998 0.171172135192884
"SRS056677.SRX020690" 0.0779077560935869 0.0757595261267589 0.643738175792915 0.0360600643508543 0.166534477635885
"SRS043928.SRX020549" 0.582934743744516 0.0129674901606842 0.285012601392803 0.10417713898104 0.0149080257209566
"SRS048843.SRX020529" 0.182242752700217 0.105421582151277 0.590998487057571 0.120701114971175 0.000636063119759761
"SRS018858.SRX020529" 0.0158704716146341 0.595191901580103 0.323282059717954 0.0651800120123803 0.000475555074929362
"SRS055888.SRX020527" 0.280650715641822 0.0462971573863377 0.544226196839268 0.128421361382487 0.000404568750085701
"SRS015192.SRX020561" 0.188436961818158 0.151865463443027 0.263656314614734 0.395526156746173 0.000515103377907657
"SRS015198.SRX020582" 0.000634997514927617 0.000784896958534475 0.0159144116961618 0.982238804231297 0.000426889599078818
"SRS042958.SRX021470" 0.0721539447537192 0.00113633291407204 0.877598856980163 0.0461001527886973 0.00301071256334816
"SRS023699.SRX022223" 0.30284947590086 0.309958596037769 0.234521888080298 0.0676966895823937 0.0849733503986788
"SRS023137.SRX022226" 0.237436375990744 0.391255593619977 0.369101335168537 0.00134514046628381 0.000861554754458129
"SRS062733.SRX022229" 0.410017490480335 0.00906986207983277 0.517433488050134 0.00144526605415721 0.0620338933355416
"SRS062799.SRX022229" 0.00211442390679453 0.01600185387764 0.540409900377379 0.000623381028530744 0.440850440809655
"SRS046325.SRX022229" 0.0459708673234749 0.0004622498815986 0.790594453679168 0.0410203052325329 0.121952123883226
"SRS063931.SRX022229" 0.0263868390917819 0.00104346009550499 0.847050423010127 0.00108481540513961 0.124434462397446
"SRS065597.SRX022229" 0.374361773079634 0.399309431632359 0.220076396543393 0.00246011126998862 0.00379228747462576
"SRS021095.SRX022230" 0.0661734694921921 0.78075179805259 0.15128683588552 0.000921852324748236 0.000866044244949541
"SRS050217.SRX022238" 0.336430447089828 0.0726414802886547 0.580990790621045 0.00948520763980944 0.00045207436066286
"SRS042248.SRX022238" 0.149316484492823 0.182757645052142 0.663671541362213 0.00242784512773106 0.00182648396509201
"SRS058051.SRX022238" 0.345343291520937 0.347711424452879 0.213237691380052 0.00697836701056946 0.0867292256355628
"SRS051280.SRX022238" 0.0776092850222385 0.260308966320365 0.551614114673604 0.000400875424484216 0.110066758559308
"SRS043400.SRX022238" 0.042498387225551 0.208478208364014 0.0510960801110348 0.00993683865635024 0.68799048564305
"SRS047507.SRX022238" 0.307517596114429 0.457307523723119 0.233348388730117 0.00122587161129899 0.000600619821036067
"SRS020954.SRX022233" 0.269842508815222 0.509557747062184 0.128352717723889 0.000935929201727975 0.0913110971969768
"SRS022257.SRX022233" 0.000262252283245284 0.000240431011914254 0.374305236433956 0.000951672797008085 0.624240407473877
"SRS021394.SRX022233" 0.157704412647107 0.524560810413468 0.306707473049115 0.000776352868107211 0.0102509510222031
"SRS055231.SRX022234" 0.407936265844 0.223242429540276 0.315861174864603 0.000782441585214567 0.0521776881659063
"SRS051696.SRX022234" 0.424136105316651 0.0823166915169239 0.490829604903221 0.000755316433144351 0.00196228183006014
"SRS057272.SRX022234" 0.0401489308563224 0.000715817776350221 0.950399294521864 0.00783608608808928 0.000899870757373697
"SRS056107.SRX022234" 0.188474984638414 0.517127516410633 0.250355046258307 0.000901957669007025 0.0431404950236388
"SRS021820.SRX022231" 0.149771669810749 0.289719669598893 0.556644046538028 0.000999098006110607 0.00286551604621927
"700015480.V35.241665" 0.873240447642855 0.000918677055538957 0.12351451664799 0.00119227714213897 0.00113408151147692
"700014996.V35.241686" 0.160011303618397 0.0459003973638537 0.362253948046694 0.000621593634052716 0.431212757337003
"700033022.V35.241834" 0.0627490875639701 0.661404509521836 0.0962796946497796 0.112524878815166 0.067041829449248
"SRS018218.SRX019639" 0.516980526321589 0.341387987672502 0.139462579637744 0.00143764817359178 0.000731258194573065
"SRS024122.SRX019686" 0.484416020925281 0.000780522149328106 0.252775151181426 0.000603643211266021 0.261424662532699
"SRS017371.SRX019687" 0.0914398506758793 0.267585969463562 0.586658374202458 0.000813536960594687 0.0535022686975062
"SRS017485.SRX019687" 0.0809082553998835 0.285535143894011 0.585038362695724 0.00442223991804773 0.0440959980923343
"SRS022002.SRX019689" 0.163293374874738 0.000631318059302464 0.757285106512412 0.00655430994127586 0.0722358906122712
"SRS017032.SRX019691" 0.434347602149735 0.134543463767454 0.321847564108979 0.000961482686412482 0.10829988728742
"SRS017963.SRX019690" 0.855997757100463 0.000948131515207503 0.103748122007972 0.0356733262939496 0.00363266308240804
"SRS021514.SRX019690" 0.600614646057665 0.256203239056997 0.0394333917233056 0.00078232941264546 0.102966393749387
"SRS022123.SRX019690" 0.0597852335155635 0.745594340821188 0.00141407643444322 0.00074696256949665 0.192459386659309
"SRS024657.SRX019700" 0.378652529029803 0.0832191499023904 0.500057750069128 0.0369738515562255 0.00109671944245314
"SRS024236.SRX019692" 0.805110210676088 0.00112022632406504 0.112363837048842 0.000615874667608929 0.0807898512833961
"SRS020447.SRX020205" 0.342338182955276 0.00601632240580839 0.156239825638822 0.0454996116458361 0.449906057354257
"SRS024657.SRX020213" 0.476855349646386 0.0538093522466159 0.420050650348554 0.0486479266671488 0.000636721091295467
"SRS048843.SRX020561" 0.155182299381409 0.11753454905022 0.580212715290417 0.14671476679216 0.000355669485793175
"SRS045752.SRX020561" 0.248093150349131 0.18471279437268 0.174101594690462 0.392615332343974 0.000477128243752447
"SRS011435.SRX020662" 0.0578838479572907 0.0963979479992928 0.0130591290705956 0.33358095829729 0.499078116675531
"SRS011434.SRX020664" 0.000684989598584225 0.0765836070299545 0.00337011084509345 0.347943935496961 0.571417357029407
"SRS011435.SRX020664" 0.0306908439000472 0.0509256273131839 0.00107078906548474 0.345816996603165 0.571495743118119
"SRS011179.SRX020515" 0.378508775149393 0.0371128714264315 0.00160439974057851 0.13377157971143 0.449002373972167
"SRS019310.SRX020552" 0.453721676379116 0.0169629818893666 0.514101518603251 0.0147786965884452 0.00043512653982158
"SRS019556.SRX020557" 0.175360398514008 0.0975780500194594 0.586605296670138 0.139969322341188 0.000486932455205825
"SRS064960.SRX020549" 0.245549578760819 0.0429082244560024 0.47803220330197 0.232614147242624 0.000895846238585537
"SRS018964.SRX020529" 0.141166254082542 0.00886385343253228 0.296998130015478 0.52831705785485 0.0246547046145973
"SRS018864.SRX020529" 0.000321067538787446 0.0852200582408305 0.416020010963646 0.220770704221027 0.277668159035709
"SRS042716.SRX020529" 0.366547446867989 0.445691701684103 0.157843155859904 0.0295478576107701 0.000369837977234158
"SRS055001.SRX020527" 0.595355890771427 0.232710689955321 0.113537335736756 0.05780692755927 0.0005891559772259
"SRS062703.SRX020548" 0.0109155160994082 0.000834432899670565 0.745444888654593 0.173625963966883 0.0691791983794446
"SRS063253.SRX020548" 0.00129823803961235 0.000770304391626948 0.602712534812555 0.394005776432839 0.00121314632336675
"SRS011549.SRX020660" 0.488565172485712 0.054672912178876 0.00221496282207006 0.0555730360321622 0.39897391648118
"SRS023015.SRX020679" 0.58715383207459 0.311897093122623 0.0997764256800173 0.000548378786736696 0.000624270336033627
"SRS022952.SRX020679" 0.00151050935760653 0.624391762284149 0.000945146747311042 0.000749144937656156 0.372403436673277
"SRS023518.SRX020682" 0.334448908047588 0.355770472223511 0.131467424684447 0.000876964897200044 0.177436230147255
"SRS023017.SRX020683" 0.46909417924309 0.411377036635756 0.118024848229526 0.000995222071014729 0.000508713820612937
"SRS024539.SRX020682" 0.325026103621858 0.563431900980185 0.076443763337495 0.00285462991383295 0.0322436021466288
"SRS050385.SRX020688" 0.42262100993771 0.349014649283005 0.226262581596348 0.00116550916477769 0.000936250018158366
"SRS049090.SRX020688" 0.00568696071609738 0.0897866418807878 0.87666457848182 0.0272390581923859 0.000622760728909305
"SRS063154.SRX020689" 0.269226401005807 0.335689846786914 0.304942953629291 0.00137241919773912 0.088768379380249
"SRS050224.SRX020549" 0.00268439663464027 0.407970104157735 0.36156914006038 0.224222446724776 0.00355391242246834
"SRS051800.SRX020549" 0.794992183681486 0.0775158623807541 0.100900806842908 0.0257018256133709 0.000889321481481339
"SRS056515.SRX020524" 0.733274761269157 0.257460341447334 0.00226306276128063 0.000912641468570519 0.00608919305365778
"SRS055354.SRX020527" 0.77085649562756 0.0022441955447277 0.225224471480246 0.00118171395960631 0.000493123387859192
"SRS019500.SRX020552" 0.138994293019434 0.332667241099413 0.473142911564079 0.0544382360767474 0.000757318240326632
"SRS064620.SRX022229" 0.499085968033115 0.22618470360217 0.149150647034827 0.0245669689085277 0.10101171242136
"SRS049647.SRX022238" 0.28703788299472 0.533422660069162 0.157264794110521 0.00108456476434353 0.0211900980612529
"SRS020956.SRX022233" 0.118381118003642 0.553705444680951 0.114093561637302 0.000865539190154633 0.212954336487951
"SRS051535.SRX022234" 0.580549455788609 0.168640632449036 0.0927355107622192 0.000744250724855754 0.15733015027528
"SRS054236.SRX022234" 0.837799055037334 0.14889547737392 0.00985235288435926 0.000837417174919641 0.00261569752946676
"700033025.V35.241834" 0.00101027440307069 0.838892994433431 0.00558833656508301 0.00270413329799922 0.151804261300417
"SRS045536.SRX020527" 0.200697241653837 0.660748054404396 0.135179354690145 0.00150852581175506 0.00186682343986705
"SRS047862.SRX020549" 0.675900014748153 0.259496943900006 0.000644276003631815 0.0633231840765157 0.000635581271693705
"SRS058328.SRX022238" 0.592257940540143 0.280567956145661 0.125688620981471 0.000755064588702248 0.000730417744023534
"SRS053713.SRX022238" 0.0559204691335825 0.275760347730253 0.370359282790994 0.000474013874618409 0.297485886470552
"SRS043159.SRX020686" 0.394372860380544 0.365791484899948 0.0945121082630201 0.0333382471164998 0.111985299339988
"SRS044714.SRX019682" 0.357071648650461 0.0760615107007032 0.533473957906512 0.0325623397764426 0.000830542965880949
"SRS011611.SRX020662" 0.0663156545171289 0.202248983570717 0.192296913502723 0.490410185440897 0.0487282629685336
"SRS014452.SRX020557" 0.575107950872952 0.0010935193478826 0.000734370062016884 0.407284707271669 0.0157794524454789
"SRS050616.SRX020524" 0.162063093608425 0.765551453126227 0.0705558259738427 0.0014336021504591 0.000396025141045474
"SRS043160.SRX022238" 0.0892290815460507 0.144465459082211 0.546541460143768 0.00115734424352867 0.218606654984441
"SRS057305.SRX022238" 0.17755768663413 0.275643995067816 0.545160107370157 0.000483638594811366 0.00115457233308504
"SRS014877.SRX020561" 0.693528321654353 0.00113311206743902 0.000719102551672112 0.257026906047922 0.0475925576786135
"SRS020149.SRX020680" 0.549157467629847 0.296350431468939 0.153235273781237 0.000705115033186893 0.000551712086790993
"SRS049278.SRX020681" 0.789914539102838 0.207183647752028 0.00117845126847989 0.000778896461501767 0.0009444654151515
"SRS049434.SRX020684" 0.0836110073598843 0.198050100935296 0.621775807483875 0.00105785717240602 0.0955052270485391
"SRS054126.SRX022234" 0.041583798448873 0.432424143130675 0.0259065744160632 0.000670308630200668 0.499415175374189
"SRS018027.SRX019639" 0.669926187775725 0.10349821480406 0.225495857472887 0.000530666991136469 0.000549072956191502
"SRS017483.SRX019687" 0.388611670934542 0.0988562373840003 0.252353450248251 0.00316434675308121 0.257014294680126
"SRS024240.SRX019689" 0.390976079914514 0.0005856623930378 0.346724659705723 0.000882249333008593 0.260831348653716
"SRS017483.SRX020208" 0.362202768419695 0.135413509109096 0.271802539423229 0.0013955106909765 0.229185672357003
"SRS063933.SRX020549" 0.212188735862512 0.01842525006592 0.636130931002449 0.130805466344913 0.00244961672420679
"SRS043722.SRX020549" 0.414540991859287 0.00591114453138839 0.529876081995789 0.04922264306892 0.000449138544615767
"SRS064781.SRX020517" 0.470983863944019 0.179496245305631 0.255953690503782 0.0431380184825186 0.0504281817640489
"SRS049082.SRX020684" 0.221285995475586 0.628221990155606 0.000574694093197053 0.000577411099163177 0.149339909176447
"SRS063926.SRX020549" 0.66391605290647 0.207264201260173 0.127172889341377 0.00115904691595774 0.000487809576022223
"SRS056867.SRX020527" 0.147000288305874 0.0509300947561225 0.728975200308513 0.0127568262502143 0.0603375903792757
"SRS046412.SRX022238" 0.346347811813321 0.27333116440002 0.00285669173841664 0.000753658085051345 0.376710673963191
"SRS015807.SRX020562" 0.0874873071485351 0.456301718353713 0.0181257040396972 0.117720520946534 0.320364749511521
"SRS048741.SRX020549" 0.377438749959306 0.405967325200968 0.00279865386840947 0.213056108013473 0.000739162957843357
"SRS014237.SRX020561" 0.161511301348766 0.446964621238131 0.000768103102647774 0.11170234075924 0.279053633551215
"SRS014237.SRX020566" 0.159672482493942 0.425469746385709 0.000851424297985444 0.12993964497273 0.284066701849633
"SRS046477.SRX019685" 0.17083559138018 0.554285764710366 0.0994764056348501 0.000424008573622946 0.174978229700981
"SRS017371.SRX020208" 0.0898191542517268 0.269112323073137 0.572058476161302 0.00261791731097973 0.0663921292028536
"SRS045406.SRX020560" 0.35530197867777 0.595695775698221 0.00300024513261298 0.0455522340313298 0.000449766460066188
"SRS019003.SRX020510" 0.576243014423457 0.00617150456845145 0.145827329996278 0.000875453975344612 0.270882697036469
"SRS064510.SRX020690" 0.191637771775909 0.577880940942996 0.215985534679224 0.0139941458887567 0.000501606713113693
"SRS044586.SRX022238" 0.0214806926357235 0.293507096772481 0.592995852273487 0.000309505710600834 0.0917068526077082
"SRS050307.SRX022234" 0.417647783546947 0.578521728724301 0.00271660017173414 0.000571762557207814 0.000542124999809458
"700033180.V35.241783" 0.20567823962495 0.488173899782107 0.17434611989183 0.000475644743963434 0.131326095957149
"SRS019681.SRX020561" 0.11290131756612 0.257955935063574 0.197854799585003 0.430741936196693 0.000546011588610512
"SRS015137.SRX020561" 0.0279702576699697 0.348903698912641 0.000497387623883301 0.622218830933543 0.00040982485996304
"SRS015194.SRX020561" 0.0309794306571877 0.225622102429279 0.130783655988248 0.517088213915944 0.0955265970093406
"SRS014929.SRX020561" 0.0450099945235273 0.000649246648596314 0.00704180270989868 0.900156162327236 0.0471427937907413
"SRS015137.SRX020582" 0.00125612169731767 0.367278715052011 0.000575037413885416 0.630397499225321 0.000492626611465213
"SRS014883.SRX020566" 0.000963960872555326 0.00102440124790089 0.000943510034300148 0.831446692231776 0.165621435613468
"SRS042974.SRX020524" 0.843160508460934 0.0649637524003626 0.00632397851807391 0.0849035759785233 0.000648184642105878
"SRS047078.SRX020549" 0.103950133374013 0.000504359427043143 0.239524575116845 0.349000104228195 0.307020827853904
"SRS014617.SRX020561" 0.0282388457010402 0.271032898510451 0.000680949472742807 0.698196985753986 0.00185032056177911
"SRS014827.SRX020561" 0.181861926648513 0.0262862507515522 0.000737692232439375 0.330696087496129 0.460418042871366
"SRS022637.SRX019692" 0.00301981179350714 0.403551186258684 0.47142731161748 0.000483331451321745 0.121518358879007
"SRS011641.SRX020515" 0.240208913468749 0.346360862350052 0.069534490302962 0.24214335298253 0.101752380895706
"SRS048785.SRX022234" 0.170807079967307 0.254127853570419 0.31531754875088 0.00152692792685867 0.258220589784536
"SRS024361.SRX019684" 0.666633645216402 0.0167127471824905 0.163649665069261 0.000797916709562006 0.152206025822285
"SRS019705.SRX020529" 0.0189689923745998 0.439186067051305 0.323500101231116 0.217254843269401 0.00108999607357795
"SRS011606.SRX020660" 0.409227359189072 0.49960194179774 0.0435867538977363 0.0470532570955157 0.000530688019935993
"SRS023635.SRX019635" 0.00112760424319299 0.881950524006315 0.0900812809070889 0.0261225166557114 0.000718074187691451
"SRS023635.SRX019636" 0.00253362979831591 0.830136013042889 0.166119342393205 0.000682544080639127 0.000528470684951143
"SRS016883.SRX019692" 0.937116242306344 0.00585066329324077 0.0554693937455496 0.000996557034719206 0.000567143620145813
"SRS011608.SRX020660" 0.528101897060823 0.286553893274554 0.0500845339310611 0.119339806675217 0.015919869058346
"SRS011608.SRX020668" 0.56612339983007 0.232362775364467 0.0676312007774119 0.101852468111099 0.0320301559169522
"SRS011555.SRX020662" 0.28505286636164 0.0209927694803491 0.019905289384315 0.0947982684951696 0.579250806278527
"SRS011555.SRX020664" 0.391679044140677 0.0238929493976846 0.00398383081876342 0.0961174381443939 0.48432673749848
"SRS019180.SRX020552" 0.0608054993975554 0.839611334492967 0.0656595822779037 0.0334740755296392 0.000449508301934907
"SRS019681.SRX020529" 0.183397597580077 0.218649638101421 0.342398183825908 0.25518551489872 0.00036906559387302
"SRS064171.SRX020548" 0.0451417388532106 0.0302150060454805 0.542756720527211 0.232791263893584 0.149095270680514
"SRS022510.SRX020680" 0.2955268051735 0.462095961030021 0.0022606037660243 0.000917160154449953 0.239199469876005
"SRS022508.SRX020682" 0.323872743157075 0.218276359990249 0.164099031426692 0.0230972137228965 0.270654651703087
"SRS022510.SRX020683" 0.324104409785169 0.319672533484831 0.00233449913366911 0.000468427704852216 0.353420129891478
"SRS049278.SRX020683" 0.688749627538853 0.30676971274107 0.00269964202848387 0.000665735401722642 0.00111528228986986
"SRS051984.SRX020685" 0.219884817404446 0.426040857463353 0.352453101902564 0.000483923516310598 0.00113729971332604
"SRS052312.SRX020687" 0.271928908937401 0.513834811587353 0.213422426626773 0.000436031443177746 0.000377821405295566
"SRS052219.SRX020561" 0.312463914256608 0.204647020761367 0.00115916334953636 0.48107367950056 0.000656222131929385
"SRS021818.SRX022233" 0.063550823910162 0.169136385054193 0.722029251335135 0.000400558861399562 0.0448829808391102
"SRS017849.SRX019691" 0.405692626965652 0.0196186016396725 0.023035836997917 0.00046113608919715 0.551191798307561
"SRS013727.SRX020218" 0.0936332775698214 0.00313264539365643 0.687758398563127 0.000821495517499727 0.214654182955895
"SRS046871.SRX020681" 0.729412246698193 0.0250217464769455 0.00156182374721612 0.000778107734957382 0.243226075342688
"SRS018163.SRX019682" 0.000763047649977188 0.232859777644457 0.000860029849499768 0.000580677941824206 0.764936466914242
"SRS017365.SRX019687" 0.365135795481503 0.187815508472394 0.318711588130779 0.00201473345482072 0.126322374460503
"SRS017673.SRX019689" 0.135224960387057 0.0316980767955466 0.256099077453242 0.000985196003512459 0.575992689360641
"SRS020899.SRX019691" 0.39274305939846 0.40959208749071 0.119401437894153 0.000964960150096993 0.0772984550665795
"SRS023206.SRX019696" 0.57037911034268 0.0968833656524367 0.100563766036511 0.00149856293946667 0.230675195028905
"SRS015901.SRX020510" 0.904351938268357 0.0617457590188622 0.00138882831437283 0.0181805528137806 0.0143329215846278
"SRS011549.SRX020668" 0.429396754137201 0.000713990789509025 0.000845414842772267 0.0256426690469638 0.543401171183554
"SRS011640.SRX020515" 0.362275120825002 0.000531859294626344 0.233062474575984 0.139697452070031 0.264433093234356
"SRS015289.SRX020529" 0.277182592232654 0.230008288922737 0.1963932481802 0.176597301151036 0.119818569513374
"SRS011553.SRX020660" 0.357423782764755 0.0146833904281094 0.000633630636825982 0.056947853614733 0.570311342555576
"SRS043675.SRX020682" 0.056956097878 0.0131375660596234 0.176193137542868 0.000506359249468186 0.75320683927004
"SRS062699.SRX020684" 0.560819816510485 0.285841386000469 0.0675593182215371 0.000498771719999675 0.0852807075475094
"SRS053434.SRX020684" 0.0307256140671656 0.566352573831275 0.0940166600302539 0.000461692072438779 0.308443459998867
"SRS044011.SRX020685" 0.260065683136634 0.000841499229548815 0.332469849487372 0.000517098225166182 0.406105869921279
"SRS065478.SRX020690" 0.119516795564028 0.120866365294022 0.213579896830636 0.000456978531656566 0.545579963779658
"SRS055821.SRX020549" 0.365839412784718 0.134634968265845 0.00117257357723981 0.155427700621392 0.342925344750806
"SRS013676.SRX019635" 0.523174336149299 0.0173689151975332 0.00099121746682779 0.00268679373361552 0.455778737452724
"SRS064351.SRX022238" 0.482340123029205 0.0318175495102633 0.22092022607935 0.0052954164131702 0.259626684968012
"SRS021455.SRX022239" 0.428306783158585 0.346734675443554 0.00059804774878784 0.000574317537638404 0.223786176111434
"SRS017145.SRX019684" 0.615354529957672 0.000828461540563589 0.0890974385335817 0.000921244359643691 0.293798325608539
"SRS015444.SRX020545" 0.00094981450920342 0.327397109299707 0.0009034061689903 0.595958179170243 0.0747914908518568
"SRS015607.SRX020566" 0.0347349077758548 0.0020309727952965 0.0161243242662358 0.946655431806631 0.000454363355982228
"SRS011438.SRX020662" 0.00242685459890849 0.000906334830337435 0.000612126612472418 0.571938423762855 0.424116260195427
"SRS023077.SRX020680" 0.345540628526407 0.588008681410103 0.0139538337545523 0.000649743133995977 0.0518471131749422
"SRS048224.SRX020529" 0.249920033209818 0.18446009587809 0.000931538623074242 0.564300499013584 0.000387833275434009
"SRS015289.SRX020582" 0.215890084004273 0.134456855721146 0.00145086907950186 0.647672352754412 0.000529838440667003
"SRS011499.SRX020662" 0.000586298651320296 0.000631489216275708 0.00139829488716444 0.996729124649842 0.000654792595397303
"SRS051170.SRX020524" 0.289645663292493 0.522986638462811 0.185482994924742 0.00156773751111749 0.000316965808836548
"SRS045280.SRX020549" 0.616081398692746 0.00074216037224765 0.000928252989289686 0.381007927517378 0.00124026042833774
"SRS011474.SRX020668" 0.459695728106191 0.0158866562431138 0.000620475659704539 0.100029692230875 0.423767447760115
"SRS047699.SRX020549" 0.278562921634668 0.0635184671275211 0.432428869522317 0.223826819357251 0.00166292235824346
"SRS020208.SRX020682" 0.229028901979295 0.037445366912882 0.334534473565284 0.013333980783088 0.385657276759451
"SRS065586.SRX020689" 0.543889828230763 0.410593203486086 0.00105451681478588 0.000653666339517811 0.0438087851288473
"SRS063700.SRX020689" 0.449637079192302 0.000788052494820881 0.322655815789497 0.000774703896768386 0.226144348626613
"SRS017424.SRX019635" 0.975950714379879 0.0212704743048814 0.000986791527241581 0.000872446207858593 0.000919573580139352
"SRS022000.SRX019635" 0.915867081463797 0.00219995889412995 0.00186216898744436 0.00607039386743019 0.0740003967871989
"SRS020020.SRX019636" 0.803323664065754 0.157648433802244 0.000597501103722214 0.00106384358924153 0.0373665574390376
"SRS023633.SRX019635" 0.0119814492385717 0.95013263691011 0.0234023414923774 0.00180025053734362 0.0126833218215972
"SRS017424.SRX019636" 0.99673502708046 0.000893649626938715 0.000803060075293409 0.000730041648135847 0.000838221569171888
"SRS017671.SRX019635" 0.864626968923966 0.132759780552278 0.00080617405634582 0.000652202825304105 0.00115487364210657
"SRS024418.SRX019635" 0.895772377064764 0.100823532797635 0.00159743405353771 0.000868816569231228 0.000937839514832264
"SRS024422.SRX019635" 0.260385843876982 0.08213765557095 0.424093247156775 0.00129129146800211 0.232091961927291
"SRS024422.SRX019636" 0.260466349058536 0.122811479086024 0.360965257993938 0.00134585708588103 0.254411056775621
"SRS022000.SRX019636" 0.93396869750667 0.000995183323378531 0.0202321563154402 0.00160010334686046 0.0432038595076512
"SRS020018.SRX019636" 0.996848236294595 0.000909931245841583 0.000735179953278796 0.000785322904531972 0.00072132960175257
"SRS020020.SRX019635" 0.768376888268916 0.155679216646674 0.000644745926526807 0.00104199693975267 0.0742571522181302
"SRS020261.SRX019635" 0.485703530630274 0.363435368771329 0.13766389088035 0.000563553773254678 0.0126336559447922
"SRS024179.SRX019635" 0.439758340141985 0.31997210451537 0.167680506719037 0.00418783900256702 0.0684012096210413
"SRS017422.SRX019635" 0.907857144857289 0.0673913403672504 0.0215579883989384 0.000767618802263644 0.00242590757425801
"SRS013676.SRX019636" 0.574422134026918 0.00203878481875317 0.00111075271496932 0.0654314914559742 0.356996836983386
"SRS024181.SRX019636" 0.969283569338925 0.00152697970370467 0.0271094309560589 0.000820828238421868 0.00125919176288995
"SRS020018.SRX019635" 0.992752644867839 0.00101920097036577 0.00110327747495006 0.000798894696162223 0.00432598199068318
"SRS024179.SRX019636" 0.46561832453147 0.253213875573628 0.165493789828915 0.0015507622423849 0.114123247823602
"SRS024416.SRX019635" 0.965327411471595 0.00184690867342322 0.00704252627079603 0.0236028593621307 0.00218029422205535
"SRS020263.SRX019635" 0.409435406806354 0.379582243650011 0.185658866776595 0.0188705603821073 0.0064529223849329
"SRS017428.SRX019635" 0.635376029195724 0.0710753264146663 0.125107847691591 0.00278427118807338 0.165656525509946
"SRS024181.SRX019635" 0.878214450596337 0.00106261038313035 0.101129249016845 0.018907734459929 0.000685955543759115
"SRS017671.SRX019636" 0.826995105009226 0.127633279247236 0.00158217665432495 0.000751481180411633 0.0430379579088015
"SRS013258.SRX019639" 0.974470325310673 0.000981664088186257 0.00132610763771535 0.000910948177497925 0.0223109547859276
"SRS020261.SRX019636" 0.513659718473879 0.436427066179997 0.0482584051407238 0.000710523768330778 0.000944286437069333
"SRS018220.SRX019639" 0.444823087882162 0.552662736972293 0.00135386435514982 0.000660882420453513 0.000499428369941555
"SRS024596.SRX019639" 0.633114965146239 0.365000716081201 0.000763556822177659 0.000605201224185852 0.000515560726196755
"SRS018025.SRX019639" 0.549518994016674 0.204332652164394 0.244745573573944 0.000834204357211668 0.000568575887776108
"SRS023633.SRX019636" 0.00103953145207931 0.996737546145083 0.00112059398393264 0.000614600327375983 0.000487728091528569
"SRS013261.SRX019639" 0.78253590955246 0.215248343211532 0.000690771015369188 0.000588159327053435 0.000936816893585472
"SRS017796.SRX019639" 0.247925024861259 0.0584088737614869 0.431913949726957 0.0280157129561932 0.233736438694104
"SRS024416.SRX019636" 0.989827296322062 0.00191077481902324 0.00394475805150275 0.000945865453366511 0.00337130535404565
"SRS024418.SRX019636" 0.943240694220499 0.0292535963427078 0.00151873687913434 0.0251111910275687 0.000875781530089626
"SRS017422.SRX019636" 0.923623479709171 0.0731199051928122 0.00102465088323904 0.000830664907901623 0.00140129930687625
"SRS024598.SRX019639" 0.839230662890043 0.158781901079649 0.000880642311068337 0.000611535035225626 0.000495258684014174
"SRS017794.SRX019639" 0.855561678883811 0.030908563895233 0.110285017451675 0.000969561224244455 0.00227517854503545
"SRS048122.SRX019682" 0.539212587998777 0.458094805859191 0.00149460427974823 0.00063926840092637 0.000558733461356501
"SRS016367.SRX019682" 0.420339681377225 0.39718159333313 0.153238158565635 0.000868117910506864 0.0283724488135029
"SRS016370.SRX019682" 0.454464967086652 0.450187884601166 0.0937815941177804 0.000600761364976936 0.000964792829424037
"SRS020441.SRX019682" 0.694246537669021 0.000899096514533294 0.173428798587841 0.00064100482114098 0.130784562407464
"SRS057212.SRX019682" 0.00913945997445409 0.988936152619626 0.000724068150155194 0.000656153301860976 0.000544165953903787
"SRS051731.SRX019682" 0.069755055405662 0.855414879425646 0.0554507708950082 0.000709574682802094 0.0186697195908815
"SRS017792.SRX019639" 0.778242270126846 0.0196412814227525 0.142749292420561 0.000913032256736993 0.0584541237731031
"SRS024359.SRX019684" 0.567385019242484 0.0284243196678057 0.262423238732808 0.000719107528666823 0.141048314828236
"SRS020320.SRX019684" 0.410092514253539 0.274807392029098 0.0450777082090885 0.000518191601874095 0.2695041939064
"SRS020555.SRX019684" 0.639262565324648 0.111866527698196 0.135922353710829 0.000714187581179387 0.112234365685147
"SRS017798.SRX019639" 0.228147124306525 0.0674819059173168 0.590193349430872 0.000855448277099527 0.113322172068187
"SRS020318.SRX019684" 0.321193848338219 0.382982999862298 0.221674382193714 0.00194522049973674 0.0722035491060316
"SRS017151.SRX019684" 0.280408586112853 0.00101026732547289 0.194985878167916 0.00198821678145379 0.521607051612305
"SRS020557.SRX019684" 0.643663567759716 0.00228780609797943 0.0283870295839756 0.000668293251096434 0.324993303307233
"SRS024484.SRX019684" 0.685698931412593 0.169641729329299 0.142609507852727 0.00118909919570807 0.000860732209672696
"SRS017367.SRX019687" 0.336772895390915 0.326078802280517 0.325059120411124 0.000685451108404807 0.0114037308090388
"SRS017296.SRX019686" 0.897541772563989 0.0109948190720958 0.0835448810284995 0.00133854060144861 0.00657998673396674
"SRS016617.SRX019686" 0.432690706462603 0.00523127718078635 0.272389475980836 0.00168646231485586 0.288002078060918
"SRS016482.SRX019686" 0.935001686495953 0.00178929699040863 0.00110432483882419 0.000786271868955545 0.0613184198058583
"SRS023573.SRX019686" 0.695781368932297 0.287974682152405 0.000757804592198532 0.014280423916892 0.00120572040620757
"SRS024657.SRX019687" 0.405438032065371 0.0285636019029711 0.518558612446592 0.0462894833719815 0.00115027021308504
"SRS017729.SRX019687" 0.293952609534531 0.231355294595961 0.28335571160296 0.0504354086642536 0.140900975602294
"SRS018280.SRX019687" 0.363202859455965 0.359397472743569 0.273827955449924 0.00254629467377096 0.00102541767677118
"SRS024653.SRX019687" 0.496591167607751 0.49935570735235 0.00156055464870679 0.000617570602618661 0.00187499978857328
"SRS023579.SRX019686" 0.374327104191362 0.14320890406998 0.312820089553708 0.0164071314758735 0.153236770709076
"SRS018278.SRX019687" 0.66146619299326 0.00618224661661613 0.312855493217643 0.0184128242665627 0.00108324290591855
"SRS024655.SRX019687" 0.584810981530815 0.29378530740729 0.00603489907966826 0.0114997909137328 0.103869021068494
"SRS023575.SRX019686" 0.689175394055316 0.271022668345984 0.000687923031131217 0.000612656045212292 0.0385013585223563
"SRS016615.SRX019686" 0.994376773043997 0.00126910769029751 0.000846261169611051 0.000713587954837992 0.00279427014125673
"SRS017094.SRX019687" 0.409211680079661 0.225564676115434 0.0015333463759569 0.00282788747973578 0.360862409949212
"SRS024659.SRX019687" 0.271930481135785 0.0511211834297834 0.674241070231247 0.00169381509831061 0.00101345010487352
"SRS021998.SRX019689" 0.773709965905224 0.00172123815196191 0.104003678515265 0.000844151234342384 0.119720966193207
"SRS016612.SRX019686" 0.980585157116901 0.000967741285013635 0.000925880736441046 0.000781672405680596 0.0167395484559638
"SRS016551.SRX019689" 0.547893588093951 0.000852481192827447 0.416653812769214 0.00386649160574413 0.0307336263382635
"SRS017908.SRX019688" 0.900790503639086 0.0667886475447795 0.00760672524590869 0.00160552923831282 0.0232085943319127
"SRS018222.SRX019689" 0.259502134168976 0.109007526479883 0.497115931287783 0.103852440930449 0.0305219671329089
"SRS017851.SRX019691" 0.524195014686603 0.0635734556814929 0.00300524213532941 0.000572603721747027 0.408653683774828
"SRS021512.SRX019690" 0.448891816796349 0.426974630496974 0.00289433834931192 0.0188153870855624 0.102423827271802
"SRS017965.SRX019690" 0.569362436176293 0.00119911801808978 0.427540531416356 0.00112631885363945 0.000771595535621763
"SRS013668.SRX019690" 0.0572663573349413 0.492389781513431 0.143713561446561 0.00613113278839535 0.300499166916672
"SRS022121.SRX019690" 0.251312959768969 0.526075201354999 0.21940292402888 0.000558400225636907 0.00265051462151482
"SRS013666.SRX019690" 0.223581830879201 0.543655712387703 0.000904190964277178 0.0535201786702867 0.178338087098531
"SRS020378.SRX019691" 0.0642302926936121 0.495825919578765 0.254279115644118 0.00345140825022508 0.18221326383328
"SRS020380.SRX019691" 0.00153660849182956 0.667449271405861 0.186457195610187 0.0100320823075372 0.134524842184585
"SRS016886.SRX019696" 0.995298219044252 0.00183962494764286 0.00148513553530021 0.0007019368607862 0.000675083612018589
"SRS022123.SRX019698" 0.0648306511610152 0.754316259347078 0.000843123777082018 0.00069562702990857 0.179314338684916
"SRS024293.SRX019692" 0.54706176459148 0.389524218582356 0.0286141515583343 0.029738874690172 0.00506099057765721
"SRS024293.SRX019696" 0.49479695404533 0.498478713906477 0.00384254212448816 0.00150130905664168 0.00138048086706391
"SRS017296.SRX019699" 0.839266823665302 0.00641011075578476 0.138991986689235 0.00241785371818528 0.0129132251714931
"SRS016886.SRX019692" 0.994606942338088 0.00142453326667946 0.00167052427989835 0.000602346766740077 0.00169565334859379
"SRS024295.SRX019696" 0.541950416090241 0.331178442596085 0.0327220323863019 0.00399148083638295 0.0901576280909893
"SRS024238.SRX019696" 0.873767187042529 0.00112869629890824 0.0467529887632403 0.000925623718309902 0.0774255041770126
"SRS023579.SRX019699" 0.390183710654054 0.260875484136747 0.251391438415385 0.00173879187273792 0.0958105749210761
"SRS024295.SRX019692" 0.623003713599128 0.254926067398846 0.00261268830087113 0.0344976178342431 0.0849599128669119
"SRS024238.SRX019692" 0.853329436640145 0.00142750761570615 0.0200120392643033 0.00217651957910467 0.123054496900742
"SRS018220.SRX020195" 0.292543426239491 0.610334004311358 0.0955159895346882 0.000987185534526065 0.000619394379937355
"SRS020899.SRX020199" 0.309298459020336 0.462596277349005 0.162231240167378 0.00184220019963745 0.0640318232636438
"SRS016944.SRX020198" 0.205149782774643 0.402517714053784 0.246512866915817 0.000905577278507934 0.144914058977249
"SRS023999.SRX020198" 0.916873975214617 0.0134972485912816 0.0667897716936457 0.00111936833412643 0.00171963616632952
"SRS018343.SRX020199" 0.811005054846123 0.0342072013276947 0.0469011651445708 0.0837829442946202 0.0241036343869915
"SRS023764.SRX020198" 0.916931324617671 0.0013244967508174 0.0452468248341622 0.00102980384849954 0.0354675499488502
"SRS017796.SRX020195" 0.108836036817733 0.0797908172289102 0.535888766110514 0.0361635603652069 0.239320819477636
"SRS023762.SRX020198" 0.886577727191222 0.102183519166649 0.00839294581719129 0.00168145398577864 0.0011643538391592
"SRS018278.SRX020208" 0.66061966460472 0.0152948610694803 0.286024482209755 0.0358530938445797 0.00220789827146516
"SRS018163.SRX020217" 0.000787689481524137 0.242957299691082 0.000659624583275183 0.000644907909196353 0.754950478334922
"SRS023579.SRX020211" 0.449216054988991 0.186863643063983 0.218473719595621 0.0676004691174761 0.0778461132339292
"SRS016367.SRX020217" 0.272802901125312 0.440376524719336 0.265999686087426 0.00124554390821034 0.0195753441597163
"SRS022123.SRX020204" 0.18171621272035 0.706341216758463 0.000963109005332483 0.000803554188981872 0.110175907326873
"SRS017963.SRX020218" 0.834620471814159 0.00104075008910741 0.153395565972758 0.00961610308548827 0.00132710903848694
"SRS014667.SRX020560" 0.608032732987265 0.159730070606182 0.00190737609572274 0.229421500502466 0.000908319808364181
"SRS049599.SRX020560" 0.936423804996536 0.000833778369358005 0.0275307138527037 0.034572181554075 0.000639521227327445
"SRS049668.SRX020560" 0.513453049848282 0.406091310317769 0.00151194977947045 0.0785686613331618 0.000375028721316634
"SRS014450.SRX020560" 0.48930168418335 0.00233932036246562 0.0127928833855476 0.210187831032968 0.285378281035669
"SRS045406.SRX020561" 0.404297028629177 0.533318872241608 0.000865536552093817 0.0610544032728411 0.000464159304280968
"SRS014239.SRX020561" 0.344411063632191 0.144843264016448 0.000514973349876708 0.442311016011761 0.0679196829897238
"SRS014970.SRX020561" 0.158211502905739 0.46209077621198 0.000557074418168293 0.378720817250988 0.000419829213125024
"SRS049668.SRX020561" 0.443124042079703 0.388388606273569 0.000515965635866653 0.167527689144138 0.00044369686672347
"SRS015283.SRX020561" 0.547504716066682 0.349600055809409 0.000675506481242029 0.101596550074251 0.000623171568416957
"SRS044605.SRX020561" 0.330415420755909 0.527926197796048 0.00597949697392978 0.135258412660144 0.000420471813968246
"SRS014925.SRX020561" 0.0083541532407405 0.263216090632996 0.00247001891367732 0.72541613555773 0.000543601654856282
"SRS042716.SRX020561" 0.328221981250218 0.473508063281484 0.119395112348987 0.0785110040926607 0.000363839026649198
"SRS015858.SRX020561" 0.46345589873043 0.274707210765888 0.0696340939947894 0.189257970887482 0.00294482562141066
"SRS014355.SRX020561" 0.489637696666623 0.000601914449895839 0.000692808151017189 0.508498693643783 0.000568887088681379
"SRS019552.SRX020561" 0.281216397056657 0.397959180739678 0.296291309888253 0.0241321828446536 0.000400929470759059
"SRS015285.SRX020561" 0.764284942713665 0.126345484869415 0.000643316641600724 0.105850605850686 0.00287564992463312
"SRS019675.SRX020561" 0.181863855962649 0.685278960757111 0.0264558707508598 0.105977575823975 0.000423736705403916
"SRS014972.SRX020561" 0.00336656454278793 0.142117987624155 0.000870240249567822 0.853067817377011 0.000577390206478414
"SRS049668.SRX020582" 0.581890249122058 0.272791623111967 0.000810032811943782 0.143838137517283 0.000669957436748391
"SRS015858.SRX020582" 0.538998169665299 0.314470632005772 0.00238948973418096 0.143298774224006 0.000842934370741903
"SRS014925.SRX020582" 0.00378001924345267 0.269503145217176 0.00170104707125658 0.724015530095521 0.00100025837259412
"SRS042716.SRX020582" 0.434534391177381 0.369842507202464 0.125474912867485 0.0695593007963704 0.000588887956299409
"SRS014667.SRX020561" 0.899846267132152 0.0306623573237902 0.000670316578745374 0.0681875427680298 0.000633516197282576
"SRS019081.SRX020564" 0.0274876029191657 0.968437066384928 0.00223934233974148 0.000709789291455141 0.00112619906470973
"SRS019079.SRX020564" 0.20660221294582 0.750432076963137 0.00119582753555891 0.0317356579835568 0.0100342245719275
"SRS019079.SRX020545" 0.32728300088769 0.639659361612699 0.000680286222785182 0.0318814438944688 0.000495907382356562
"SRS015442.SRX020545" 0.138954036395217 0.590571174383875 0.00271986603477972 0.265942767263584 0.00181215592254433
"SRS011555.SRX020660" 0.516338012258948 0.000691272280000397 0.000958002477082316 0.0735153472797721 0.408497365704198
"SRS011474.SRX020660" 0.570081257063524 0.00839824056908815 0.000577042521892103 0.0888459826973117 0.332097477148184
"SRS011575.SRX020666" 0.000662602622935851 0.947161448084058 0.000909391780473924 0.0506227846924611 0.000643772820071119
"SRS011555.SRX020668" 0.479461713325493 0.00349167528897953 0.000774690409981761 0.104533127015073 0.411738793960472
"SRS011575.SRX020669" 0.000759507823910322 0.936623120136259 0.000703929800807286 0.0612376243143344 0.000675817924688593
"SRS011292.SRX020515" 0.442343815731246 0.000622507560862033 0.000714640170413479 0.119548633781012 0.436770402756466
"SRS011497.SRX020662" 0.66593034343437 0.00301195703676292 0.00046735856646026 0.330140448364346 0.000449892598061394
"SRS011497.SRX020664" 0.644726964523848 0.00246947054721149 0.000655976992985209 0.351529066074176 0.000618521861779513
"SRS011498.SRX020664" 0.00104504337205613 0.625573230251454 0.000690126816330316 0.371907350567848 0.000784248992311637
"SRS045406.SRX020551" 0.477600791209004 0.517467291073457 0.0027985386404003 0.00175592326102806 0.00037745581611045
"SRS014450.SRX020551" 0.524521259619602 0.000577694224896905 0.000479567242359928 0.0425818084366671 0.431839670476474
"SRS019182.SRX020552" 0.0126346471807471 0.981380550714743 0.0030071331094091 0.00239235016798332 0.000585318827117368
"SRS045177.SRX020552" 0.671559410693548 0.169657186224801 0.157446697899947 0.000868283101540651 0.000468422080163119
"SRS044943.SRX020552" 0.453468925894624 0.544794028888897 0.000681067417335358 0.000530274638184602 0.000525703160959433
"SRS019365.SRX020552" 0.728301172000339 0.268423387531089 0.00126028602125529 0.00123206659374942 0.00078308785356764
"SRS051229.SRX020552" 0.417767904379168 0.283435440715607 0.293584777097864 0.00438210040628237 0.000829777401077591
"SRS019830.SRX020552" 0.286232778743306 0.400734402829356 0.244909623266276 0.0675840856901003 0.000539109470961337
"SRS019367.SRX020552" 0.707601486278635 0.241634176250607 0.00190144538489695 0.048367850000328 0.000495042085532826
"SRS018960.SRX020552" 0.757191846238482 0.209002356058723 0.000733450299551985 0.0324306211053533 0.00064172629789036
"SRS043234.SRX020552" 0.697496297159803 0.300755334058587 0.000588167395193869 0.000607631175384209 0.000552570211031787
"SRS046864.SRX020566" 0.516566324567024 0.0769874039559608 0.0820838570759102 0.314263617606026 0.0100987967950781
"SRS015283.SRX020566" 0.499097150170914 0.367057693858468 0.000602051784181723 0.0902007049408774 0.0430423992455591
"SRS014355.SRX020566" 0.45535110678619 0.000767766949021029 0.000914196481980058 0.54231992641467 0.000647003368139361
"SRS015285.SRX020566" 0.647221094079922 0.283750201091104 0.00074048120046071 0.061619550545259 0.0066686730832535
"SRS043122.SRX020524" 0.319964533228746 0.343270640263858 0.291300757833503 0.00321150217778526 0.0422525664961082
"SRS057895.SRX020524" 0.279392175870435 0.430997292988353 0.179707869979601 0.109342807793791 0.000559853367818826
"SRS044477.SRX020524" 0.192348998459016 0.805360960350041 0.00144001232940111 0.000490474116323136 0.000359554745219129
"SRS056240.SRX020524" 0.194369595795156 0.80367439822182 0.00106670475350288 0.000485877492275951 0.000403423737244962
"SRS057907.SRX020524" 0.864092230383986 0.00167868122428085 0.108928275648762 0.024735051259376 0.000565761483595361
"SRS053764.SRX020524" 0.760867403428242 0.0752829892439827 0.125980428734347 0.0373993536313831 0.000469824962044621
"SRS054094.SRX020524" 0.623804216867757 0.349610453163017 0.00113218512983857 0.025081431874937 0.000371712964450703
"SRS044781.SRX020524" 0.350811011869807 0.540723466413788 0.107132511610422 0.000855503216954576 0.000477506889027849
"SRS055924.SRX020524" 0.480307495680199 0.517332523049299 0.00114178402558572 0.000659975861029417 0.000558221383886117
"SRS062608.SRX020549" 0.215070056837489 0.636185261982897 0.0133166940878537 0.0264545906264597 0.1089733964653
"SRS046500.SRX020549" 0.392435765138518 0.377648449467356 0.0506964191783043 0.178584685697957 0.000634680517865462
"SRS050233.SRX020549" 0.46020522683038 0.451650699904681 0.000733964466739912 0.00934997789850243 0.0780601308996965
"SRS054431.SRX020549" 0.503354306537689 0.0841813546193295 0.000792275914524934 0.41105056189343 0.000621501035025952
"SRS045463.SRX020549" 0.177446985842041 0.629311050666867 0.0586070722931503 0.134116851601323 0.000518039596617948
"SRS055988.SRX020549" 0.180321448350709 0.604520547933728 0.000519463736982537 0.214158308102779 0.00048023187580139
"SRS047177.SRX020549" 0.423197927340366 0.269510080720846 0.000537132469308806 0.299171789082231 0.00758307038724824
"SRS043573.SRX020549" 0.591744424691967 0.380452580366931 0.000651664494753054 0.0266249291442279 0.000526401302121942
"SRS048941.SRX020549" 0.706124825254681 0.000786174746115787 0.164465722165935 0.128084436174601 0.000538841658666652
"SRS056067.SRX020549" 0.76980253165177 0.13434045877598 0.0491601437093737 0.0459489243124791 0.000747941550397097
"SRS015858.SRX020529" 0.627071369619044 0.298953249522568 0.0616624117086065 0.00270149671382914 0.00961147243595206
"SRS058381.SRX020549" 0.0697171543114242 0.234986085774298 0.310911069361054 0.383750791733932 0.000634898819290993
"SRS043058.SRX020549" 0.735995954101608 0.130657079270179 0.0589088315119584 0.0738216321097729 0.000616503006481323
"SRS015194.SRX020529" 0.163093549066186 0.324105524715611 0.27575148152806 0.173230377636491 0.0638190670536521
"SRS050761.SRX020529" 0.133024250741406 0.204317143985224 0.429563957314362 0.203434728213615 0.0296599197453923
"SRS014925.SRX020529" 0.00242933539388687 0.381225615110229 0.000789436700091071 0.613608334338945 0.00194727845684778
"SRS018960.SRX020529" 0.695360791306211 0.243253576607416 0.0334611818021234 0.0274423576537471 0.000482092630503078
"SRS014970.SRX020529" 0.268069091549637 0.498456739278017 0.000435019967949701 0.232602069296081 0.000437079908315503
"SRS044605.SRX020529" 0.310639521965369 0.533235334949398 0.143928510131153 0.0118238349920788 0.000372797962000876
"SRS015856.SRX020529" 0.56920640336345 0.388065676596815 0.0280174838024811 0.0138328883272893 0.000877547909964539
"SRS049760.SRX020529" 0.277993151966464 0.152689266498921 0.032651239246233 0.0799851886273892 0.456681153660994
"SRS014617.SRX020529" 0.0851258173329291 0.449006001913286 0.0109158522501353 0.407173664952802 0.0477786635508481
"SRS052485.SRX020529" 0.532945929018618 0.224561966731936 0.000929700670699243 0.241044997090034 0.000517406488713029
"SRS019675.SRX020529" 0.235150245861327 0.608184436595158 0.100535340648393 0.0557085513958356 0.000421425499286289
"SRS019677.SRX020529" 0.146851961006383 0.646371690020655 0.14844875616879 0.0579764175077611 0.000351175296410002
"SRS014827.SRX020529" 0.202293588648412 0.033138847094703 0.0012615087507656 0.288961659180684 0.474344396325435
"SRS015496.SRX020529" 0.000827997697411241 0.750274924713752 0.000600439209017555 0.162796790848722 0.0854998475310965
"SRS052566.SRX020527" 0.898195842114957 0.0993851898979884 0.00104632024171277 0.000842181167615284 0.000530466577726601
"SRS055748.SRX020527" 0.464130293351426 0.489584955897069 0.00206204669095135 0.0435171953115019 0.00070550874905186
"SRS019081.SRX020545" 0.0801690922045358 0.902076575747021 0.00218192036861752 0.0141592314330768 0.00141318024674831
"SRS011553.SRX020668" 0.340812451145498 0.00051583928868963 0.0010397100675286 0.0407042911883476 0.616927708309936
"SRS011551.SRX020660" 0.336733816186359 0.00148637568398599 0.000429465670478779 0.000652896638908679 0.660697445820268
"SRS011498.SRX020662" 0.00169108066774238 0.647174326215791 0.000549738094161556 0.350003223268181 0.000581631754123832
"SRS049760.SRX020551" 0.409878676624557 0.138523605944655 0.0344620189269135 0.0153117880566317 0.401823910447243
"SRS011375.SRX020571" 0.688786275197421 0.00663737403831082 0.0395402294494937 0.242414201126868 0.0226219201879074
"SRS019308.SRX020552" 0.456799204269006 0.225325494475495 0.307988781692657 0.00918136312176049 0.000705156441081518
"SRS043378.SRX020524" 0.477960471671692 0.147149381536233 0.277092931112425 0.0736895580064348 0.0241076576732155
"SRS047320.SRX020524" 0.509155212293828 0.24958095096316 0.131812803863379 0.0308108366356353 0.0786401962439975
"SRS047255.SRX020524" 0.386397863725649 0.590033573676307 0.0011963002890655 0.0217801282707724 0.000592134038206573
"SRS022954.SRX020679" 0.0915194653671709 0.885464699141533 0.000861853338836643 0.000866544324373739 0.0212874378280856
"SRS023075.SRX020680" 0.269869677575585 0.607237772372624 0.00212540192573815 0.0324251257484707 0.0883420223775822
"SRS020147.SRX020680" 0.556754714847075 0.171362473450057 0.00242640784186466 0.000555018652853971 0.268901385208149
"SRS020204.SRX020680" 0.376623724231801 0.371923130031955 0.00182959750011073 0.0209950350091267 0.228628513227007
"SRS020206.SRX020680" 0.405943197537666 0.400367469125595 0.0028067296256649 0.0203304175459982 0.170552186165075
"SRS022442.SRX020680" 0.740710945587234 0.143466125167216 0.0766453363374691 0.000826032776909617 0.0383515601311716
"SRS023879.SRX020681" 0.687595373657494 0.29825213171899 0.00259907999436746 0.010414035905868 0.00113937872328062
"SRS024541.SRX020681" 0.37837110992994 0.61950690105065 0.000961491630206749 0.000642452795889986 0.000518044593313467
"SRS042289.SRX020681" 0.668697668567161 0.316757842961335 0.00229799139833927 0.00125512730040145 0.0109913697727634
"SRS052195.SRX020681" 0.649186548958656 0.182784074633298 0.062649818525675 0.000955559869534382 0.104423998012837
"SRS043640.SRX020681" 0.587133627128988 0.258184118329539 0.114216929309096 0.00071884249028106 0.0397464827420951
"SRS021629.SRX020682" 0.196911197126768 0.097528333860568 0.545084732454667 0.0311628691012201 0.129312867456777
"SRS020153.SRX020682" 0.492308697979876 0.0766846936038678 0.250490892663219 0.00970704437756423 0.170808671375473
"SRS022952.SRX020683" 0.0616751225531039 0.546568948018054 0.00291176861791193 0.0172715829446371 0.371572577866293
"SRS021938.SRX020683" 0.690819495957665 0.307010420304667 0.00055678626180395 0.000539716403965616 0.00107358107189811
"SRS052195.SRX020683" 0.523632430613308 0.222267195998922 0.122801679928506 0.00260069857065737 0.128697994888607
"SRS043640.SRX020683" 0.570469253704519 0.188554132158691 0.149848924366755 0.00581426968170755 0.0853134200883267
"SRS024541.SRX020683" 0.365945413753936 0.632325589230201 0.000625622550611057 0.000724071790643332 0.000379302674608627
"SRS065309.SRX020684" 0.712099904977747 0.285077118594195 0.00072187660827751 0.000915735847492709 0.0011853639722882
"SRS044375.SRX020684" 0.446325777548336 0.394879517658276 0.0365830333833965 0.000485322306510543 0.121726349103481
"SRS056063.SRX020684" 0.282674562274544 0.620146086216162 0.0962725869567418 0.000501219644589139 0.000405544907962427
"SRS047499.SRX020685" 0.740712438743233 0.00142420253232514 0.246818724247456 0.00630811843873393 0.00473651603825199
"SRS050653.SRX020685" 0.805713933516132 0.0412951268009907 0.150921513439543 0.000811085233705235 0.00125834100962837
"SRS051667.SRX020685" 0.552200026698031 0.222905072574634 0.175740478820245 0.000864081138441661 0.0482903407686487
"SRS043043.SRX020685" 0.314893626152871 0.508274922245338 0.150001471873151 0.000489966630351042 0.0263400130982889
"SRS046874.SRX020686" 0.438019382479557 0.0973117311650047 0.316234499435889 0.00816038094009657 0.140274005979453
"SRS051241.SRX020686" 0.551662113119667 0.00185181978123344 0.120099376336032 0.000462083795747885 0.32592460696732
"SRS050170.SRX020686" 0.424325760186549 0.131308947937711 0.329928158318031 0.000400017992605362 0.114037115565104
"SRS044511.SRX020687" 0.340355347373273 0.283228581492334 0.374410364927838 0.00048182602168799 0.00152388018486783
"SRS053440.SRX020687" 0.722614775589315 0.273112165694271 0.0027859378513251 0.00050451282771975 0.000982608037369184
"SRS051180.SRX020688" 0.577525362880939 0.210797632041978 0.00122261250793643 0.000788799700709308 0.209665592868437
"SRS050980.SRX020688" 0.345663369550011 0.605825183078198 0.0475174283116631 0.000453063238325713 0.000540955821802581
"SRS062836.SRX020689" 0.497822612201423 0.412340725129087 0.0585791375293806 0.00469912563064238 0.0265583995094668
"SRS051180.SRX020690" 0.227873152817319 0.242653866719689 0.183999119372166 0.00779105715375263 0.337682803937072
"SRS052055.SRX020690" 0.149930762129516 0.448522094364547 0.352774470809841 0.000793030471607316 0.0479796422244884
"SRS015444.SRX020564" 0.00114527048499193 0.334659486195372 0.0016234675394002 0.649054841144456 0.0135169346357795
"SRS057938.SRX020549" 0.382089937350322 0.105271079242871 0.0860024607211121 0.425890585185323 0.000745937500372736
"SRS063998.SRX020549" 0.310768920650576 0.30657610365436 0.00255289388148964 0.379288344357913 0.000813737455662001
"SRS054288.SRX020549" 0.140705296195679 0.321573240201414 0.19916149372605 0.338048470280421 0.000511499596435769
"SRS049098.SRX020549" 0.99312286878653 0.00143851055514459 0.00121700353675843 0.00340644942299175 0.000815167698575596
"SRS046963.SRX020549" 0.398452386150082 0.54131074239244 0.00051779678854831 0.0593216440499864 0.000397430618943297
"SRS044602.SRX020549" 0.580726426995856 0.201824045140075 0.0013729071364485 0.215434926751384 0.000641693976235782
"SRS018910.SRX020529" 0.675438099158556 0.312600637742677 0.000860976108298127 0.0106234368153248 0.000476850175144197
"SRS014239.SRX020529" 0.390338577276415 0.217939609070811 0.044436345243518 0.247190519653217 0.10009494875604
"SRS055347.SRX020549" 0.845863745944742 0.00114956223076405 0.00117800602081796 0.150801962948557 0.00100672285511812
"SRS049760.SRX020561" 0.419885825711634 0.0872192340950351 0.000759977868655245 0.157148272605612 0.334986689719064
"SRS065022.SRX020548" 0.0801656461149716 0.417225360253011 0.00112524924552314 0.499802839581847 0.0016809048046473
"SRS065194.SRX020548" 0.0275802060000536 0.123071906213193 0.413241803271545 0.354677939648891 0.0814281448663172
"SRS042274.SRX020552" 0.560777313574723 0.437417362480003 0.000623384407780383 0.000619227380662618 0.000562712156830712
"SRS045479.SRX021470" 0.838206650386891 0.0966742616633059 0.00376819174915765 0.0604501017397624 0.000900794460882942
"SRS053706.SRX021470" 0.516248288932911 0.396988613842141 0.0016188592006243 0.0424581199599705 0.0426861180643525
"SRS024710.SRX021470" 0.513124895556214 0.396904246695007 0.0635511565611572 0.0258741330984205 0.000545568089202074
"SRS050320.SRX021470" 0.513509900877755 0.383348509021012 0.00233861037716558 0.000666769155759974 0.100136210568308
"SRS023332.SRX022223" 0.385391266328645 0.555066102350033 0.0272530086943625 0.00310216944675531 0.0291874531802049
"SRS023393.SRX022223" 0.642783077310002 0.234818703139116 0.00156277638266319 0.0209591405137267 0.0998763026544919
"SRS023395.SRX022223" 0.475902065506974 0.444070413927551 0.0191749793818989 0.00137647227048947 0.0594760689130865
"SRS022765.SRX022226" 0.353142954685146 0.509098601281551 0.136504244011012 0.000738607347633793 0.000515592674656243
"SRS023701.SRX022223" 0.376906300352282 0.249460575202432 0.275441220864883 0.0974379276953723 0.000753975885030879
"SRS022763.SRX022226" 0.41989106555208 0.343509679481358 0.217434841203466 0.00103168165018061 0.0181327321129158
"SRS022574.SRX022226" 0.669508523876699 0.242545773358184 0.0863399937482615 0.000957149868919923 0.000648559147934847
"SRS023134.SRX022226" 0.337547600048886 0.390529413081686 0.247230046315447 0.000903350639487095 0.0237895899144936
"SRS022699.SRX022226" 0.967920064521791 0.0010321093575968 0.000846847196244228 0.00082957903712372 0.0293713998872443
"SRS022576.SRX022226" 0.500734316753917 0.232917332585584 0.263116331740353 0.000864871282822003 0.00236714763732502
"SRS064586.SRX022229" 0.520043350540977 0.0126119861301322 0.3645484453257 0.101569150308138 0.00122706769505311
"SRS062748.SRX022229" 0.800966414276418 0.00267216347873036 0.0605745053648385 0.000838169697176906 0.134948747182836
"SRS023330.SRX022229" 0.429410632499366 0.541859406801915 0.0046039760288289 0.0233395249094943 0.000786459760395232
"SRS064735.SRX022229" 0.658636561869584 0.154904453779036 0.184849736565851 0.000852988802876262 0.000756258982652225
"SRS063239.SRX022229" 0.549763104652191 0.447715466010505 0.00120356783519713 0.000665592851642786 0.000652268650464381
"SRS065701.SRX022229" 0.640307618380333 0.110115401239114 0.114908661667689 0.0259989194111893 0.108669399301674
"SRS024712.SRX022229" 0.738410279374171 0.242480135967011 0.00220647997348503 0.000792953696851899 0.0161101509884811
"SRS045191.SRX022229" 0.828396202066595 0.125954500199255 0.00112669728771098 0.0210556985936837 0.023466901852755
"SRS020500.SRX022230" 0.783170782884682 0.0535992684406241 0.161462004089304 0.000936613176197172 0.000831331409192143
"SRS021093.SRX022230" 0.00838809317989175 0.988220256647088 0.00104220073776395 0.0011632727934951 0.0011861766417608
"SRS021269.SRX022235" 0.582867249963783 0.195251682904368 0.00119767173057168 0.0055123362002057 0.215171059201071
"SRS021271.SRX022235" 0.667475310841692 0.173973600000636 0.000840954908948717 0.0643934115319022 0.093316722716821
"SRS021887.SRX022235" 0.758643127645748 0.00178188886477982 0.212944582057285 0.00578976781774643 0.0208406336144411
"SRS021011.SRX022235" 0.679588811684119 0.0998799842341342 0.0891532356910222 0.00102594448698565 0.130352023903739
"SRS021013.SRX022235" 0.760687875710814 0.213080070915011 0.00104774793245391 0.000672379929317827 0.0245119255124025
"SRS020785.SRX022235" 0.747178412151134 0.141200342873408 0.0323987673085106 0.0593112303980835 0.0199112472688638
"SRS043291.SRX022238" 0.442935304941218 0.200248647113317 0.355248662148162 0.000990785758437448 0.000576600038866531
"SRS042117.SRX022238" 0.550180420032532 0.0978981045465312 0.35096542497297 0.000483973819638311 0.000472076628328043
"SRS064399.SRX022238" 0.394520192306493 0.0793772414707863 0.458377344223285 0.00235376123581322 0.0653714607636217
"SRS063361.SRX022238" 0.487414886138265 0.1212266137245 0.389812590759648 0.000881503679015711 0.000664405698571307
"SRS046142.SRX022238" 0.539946488514652 0.302888913503864 0.00866344804018663 0.000635818309974344 0.147865331631324
"SRS054932.SRX022238" 0.155960110089906 0.276008082067584 0.335841695436296 0.023057563893481 0.209132548512734
"SRS050604.SRX022238" 0.522777979745614 0.21028809861535 0.075574319763862 0.000834265462142348 0.190525336413032
"SRS063457.SRX022238" 0.515820488611686 0.218817886284025 0.0271347488452001 0.000831249530749095 0.23739562672834
"SRS021457.SRX022239" 0.453373481396298 0.544467236753452 0.000636935113017309 0.000875451718246026 0.000646895018986197
"SRS020671.SRX022239" 0.619928824371093 0.103204759063378 0.232944155821073 0.00128772184083163 0.0426345389036249
"SRS020728.SRX022239" 0.680134959074089 0.00260500602727707 0.246662453539709 0.000858734538102402 0.0697388468208232
"SRS021885.SRX022233" 0.475273256607518 0.114135602211298 0.234582146546914 0.052783689867087 0.123225304767183
"SRS022319.SRX022233" 0.480077633667676 0.167899880990555 0.141807714296825 0.00279420261830133 0.207420568426642
"SRS020783.SRX022233" 0.559431488604354 0.396237462986358 0.00709814084672888 0.000811121602108444 0.0364217859604503
"SRS022063.SRX022233" 0.352787463049844 0.630657306428381 0.0142861791340444 0.00079493211927884 0.00147411926845116
"SRS021332.SRX022233" 0.442270809977165 0.547147244293443 0.00142483383761498 0.0014960633981118 0.00766104849366565
"SRS022187.SRX022233" 0.367524951074009 0.606530291750139 0.0240599866559967 0.000521537360694563 0.00136323315916045
"SRS054708.SRX022234" 0.464410447780044 0.415959939985601 0.00143324099353948 0.0012048175784923 0.116991553662323
"SRS057060.SRX022234" 0.818240321161337 0.103846669823912 0.0756701268410126 0.000736814987209132 0.00150606718652932
"SRS055034.SRX022234" 0.169807073177008 0.158797943155071 0.419572794973195 0.000918810161360505 0.250903378533365
"SRS056542.SRX022234" 0.292789511710154 0.705200184769723 0.000914122134566236 0.000576871797449705 0.000519309588106777
"SRS057943.SRX022234" 0.294230587373288 0.526875158997009 0.0925527175782792 0.000542496236688899 0.0857990398147348
"SRS056770.SRX022234" 0.231066421779168 0.756128286825517 0.00144800105338401 0.00103970697522544 0.0103175833667053
"SRS055028.SRX022234" 0.370187032080456 0.415286633197199 0.211807172663416 0.00165601080101619 0.00106315125791364
"SRS046038.SRX022234" 0.577620826068009 0.348409318431959 0.00119126426410925 0.000836382964241134 0.0719422082716821
"SRS049386.SRX022234" 0.340873358313642 0.182866444345835 0.161608233741207 0.00108674878374416 0.313565214815572
"SRS058818.SRX022234" 0.579634952846333 0.332489235357721 0.0633720495403189 0.000657141446994845 0.023846620808632
"SRS022189.SRX022233" 0.417021531091693 0.219414424416407 0.345916689135857 0.00388066130696906 0.0137666940490732
"SRS054232.SRX022234" 0.678390496970682 0.236233428218668 0.0313496154671778 0.0146482790893355 0.0393781802541368
"SRS052268.SRX022234" 0.296928297059711 0.365771887746688 0.334695997458551 0.00202433640695552 0.000579481328094966
"SRS057481.SRX022234" 0.710565204952532 0.285489983582929 0.00235237720486944 0.000945190113672516 0.000647244145997424
"SRS047723.SRX022234" 0.282759544396146 0.712103957644254 0.000962749550347316 0.00053270466247449 0.00364104374677855
"SRS051099.SRX022234" 0.472770202352605 0.370276368523244 0.0874462688393306 0.000498126392078751 0.0690090338927419
"SRS058251.SRX022234" 0.558935835229298 0.399995592036533 0.039756211432268 0.000593176718024522 0.000719184583876048
"SRS021752.SRX022231" 0.151829293540258 0.647086982621107 0.19954705032037 0.000768499568277535 0.000768173949986542
"SRS021754.SRX022231" 0.0590967854236093 0.604145233065804 0.188214406850647 0.00215427183962872 0.14638930282031
"SRS022061.SRX022231" 0.419083138875413 0.52015849966244 0.00197246874369702 0.0244278180470259 0.0343580746714238
"SRS022321.SRX022231" 0.568511578704039 0.262211388092421 0.00295185523074632 0.127587269656963 0.038737908315831
"700014544.V35.241762" 0.64439220649405 0.327843833209638 0.000515421164048178 0.0263521069904594 0.000896432141805112
"700016660.V35.241837" 0.392448259565278 0.000800821352806857 0.000870329413969403 0.0020705288628817 0.603810060805064
"700016651.V35.241837" 0.523883826461209 0.00146764584188024 0.00122326095729642 0.00469374802803463 0.46873151871158
"700015560.V35.241712" 0.941925452019078 0.0549037846191685 0.00117590898916869 0.00131335757671273 0.000681496795872173
"700014820.V35.241722" 0.658136012382718 0.252144965081003 0.0881607641518636 0.000976455065344638 0.000581803319071079
"700014818.V35.241722" 0.461940705780817 0.531585791451789 0.0042395977522261 0.00136373747735597 0.000870167537812059
"700015664.V35.241767" 0.782435047581204 0.112267360650234 0.102863418942786 0.00159881472518571 0.000835358100590485
"700015291.V35.241748" 0.585493553797312 0.00133793563328573 0.000926061803157692 0.000625923312890639 0.411616525453353
"700033778.V35.241764" 0.753208699197037 0.00117912632563252 0.00225214676692905 0.033132789789152 0.21022723792125
"700033776.V35.241764" 0.731774728921929 0.00147442879437696 0.0988990050288703 0.00387843660135396 0.16397340065347
"700014546.V35.241762" 0.756272950953071 0.185460415888799 0.000984680867096422 0.0566521269019872 0.000629825389046469
"700014756.V35.241810" 0.945518974318314 0.0514819344839884 0.000721702540804823 0.00160691517323167 0.000670473483660881
"SRS017675.SRX019689" 0.0810568979945771 0.0040496892723226 0.241415917086732 0.000543416295128769 0.67293407935124
"SRS016547.SRX019635" 0.9602075171375 0.0375067888816702 0.000760355630753566 0.000826774490963304 0.00069856385911328
"SRS017428.SRX019636" 0.65559306272011 0.0811740229198432 0.0490668388756993 0.000986541253269251 0.213179534231078
"SRS016547.SRX019636" 0.995874026631315 0.000895836924545312 0.00134098591566402 0.000854440433619294 0.00103471009485659
"SRS013678.SRX019635" 0.66861935328184 0.000638199354422624 0.00140799536946061 0.0695152146055799 0.259819237388697
"SRS017669.SRX019635" 0.952567472018043 0.00397770005266243 0.00186967972002831 0.00158162640995516 0.0400035217993105
"SRS016545.SRX019636" 0.750853974710758 0.246025968547867 0.000938145271062541 0.000794927838379434 0.00138698363193392
"SRS016545.SRX019635" 0.737006776861469 0.259972406704278 0.000706730455811788 0.000822375299370177 0.00149171067907076
"SRS017669.SRX019636" 0.995771991205371 0.00114226956256327 0.00119145430715353 0.00112827677898137 0.000766008145930727
"SRS013678.SRX019636" 0.57859607399578 0.000702889817856161 0.000736062874610281 0.107175736103843 0.31278923720791
"SRS018455.SRX019684" 0.946116765329441 0.0500377598313065 0.00116513784195656 0.00134674455653236 0.00133359244076359
"SRS017148.SRX019684" 0.6852437075066 0.000938638705259574 0.00650190592891874 0.0011896309036009 0.306126116955621
"SRS016479.SRX019686" 0.9957414481008 0.000913107214258162 0.00168195064300359 0.000923848648933385 0.00073964539300477
"SRS017487.SRX020208" 0.0372737545370282 0.00080805410937123 0.644835889490039 0.0268668657023119 0.290215436161249
"SRS017296.SRX020211" 0.905381221731847 0.00341815535751393 0.0873755959794587 0.00205290296604596 0.00177212396513424
"SRS049599.SRX020561" 0.864635948365618 0.000935401494461056 0.000607574044925789 0.133253712851134 0.000567363243861189
"SRS014357.SRX020561" 0.573921639788386 0.000728728049802723 0.000603670195403084 0.424222046065542 0.000523915900866447
"SRS050761.SRX020561" 0.152321619530163 0.222261960534758 0.438096035347533 0.182917589105371 0.00440279548217432
"SRS014450.SRX020561" 0.400637870686147 0.000641722778606804 0.000645517875181525 0.213512490913515 0.38456239774655
"SRS052485.SRX020561" 0.527163631411451 0.182068409741909 0.000601342769763802 0.289131186427089 0.00103542964978707
"SRS014456.SRX020561" 0.150013361857585 0.0513129908372187 0.000809348095925005 0.635210716004531 0.162653583204741
"SRS015856.SRX020561" 0.808460788952062 0.122770774771042 0.000855922917973314 0.0672054440941327 0.000707069264789887
"SRS015289.SRX020561" 0.186630155419533 0.165415303831657 0.000766467256334045 0.646793095391654 0.000394978100822806
"SRS052485.SRX020582" 0.611863127386854 0.19701634561735 0.000836439525807401 0.188095909165684 0.00218817830430362
"SRS045752.SRX020582" 0.300417504072348 0.174235200777168 0.211249358900931 0.313437915673757 0.000660020575795771
"SRS047772.SRX020561" 0.719496630515765 0.0800007550260151 0.0141198741606679 0.185604896423067 0.000777843874485644
"SRS015901.SRX020520" 0.894936106508422 0.059696416404839 0.00358405133892618 0.0410454465060773 0.000737979241735449
"SRS019001.SRX020520" 0.924184830180235 0.00184252638206994 0.0715634343424776 0.00158449936300647 0.000824709732211107
"SRS011675.SRX020660" 0.775927105346922 0.000765104990168107 0.00186325212649758 0.0552705469742882 0.166173990562124
"SRS011675.SRX020668" 0.706918311318115 0.00091015541185814 0.0283978000023775 0.0828726918043496 0.180901041463299
"SRS011177.SRX020669" 0.468135929266228 0.00619169911434226 0.106163577914242 0.00244815189771742 0.41706064180747
"SRS011377.SRX020515" 0.861728686871796 0.00114859896857408 0.000909326245003337 0.134397129989919 0.00181625792470729
"SRS011677.SRX020664" 0.34533097670059 0.00222584094913101 0.000834939609837842 0.571822006142848 0.0797862365975929
"SRS011677.SRX020662" 0.353181123502113 0.00248853502752237 0.000918119216520456 0.556546459768331 0.086865762485513
"SRS049599.SRX020551" 0.8940424893627 0.023051192624394 0.0798577928805881 0.00246704492834417 0.00058148020397402
"SRS018910.SRX020552" 0.781575622420705 0.155073976403229 0.0141159125380048 0.0485417584763485 0.000692730161712894
"SRS018912.SRX020552" 0.728728471667485 0.202343052702015 0.000715859172395258 0.067457511920918 0.000755104537186805
"SRS018698.SRX020552" 0.694177595236091 0.000940404067415679 0.22393379301096 0.0797955587837415 0.00115264890179166
"SRS045752.SRX020557" 0.482274608009649 0.209047676172977 0.259657878586357 0.0484799676539789 0.000539869577037498
"SRS047772.SRX020566" 0.522855480608385 0.144293362163634 0.0421867520113811 0.290121459255199 0.000542945961399952
"SRS043848.SRX020524" 0.902949652673427 0.00782036069382844 0.0857741032089206 0.00133369709669409 0.00212218632713042
"SRS057499.SRX020524" 0.36117567318793 0.0699643066916465 0.000852074553306672 0.0151172268007033 0.552890718766413
"SRS014355.SRX020529" 0.573395146871187 0.000829299954375401 0.000839307659804803 0.424090357831633 0.00084588768300012
"SRS014877.SRX020529" 0.658192310041436 0.000607325366737893 0.000715646458940683 0.179991423542209 0.160493294590676
"SRS045119.SRX020529" 0.307544217899039 0.136443920523452 0.13421155194316 0.233725506800739 0.188074802833609
"SRS019399.SRX020529" 0.921025394206416 0.0681069692023705 0.00865695736020431 0.00144805911178643 0.000762620119222558
"SRS018916.SRX020529" 0.155847897404636 0.679677578984838 0.0933020001118674 0.0704118676992746 0.000760655799383957
"SRS043728.SRX020527" 0.527071506532608 0.00177219142058188 0.402768101797869 0.0675941866512609 0.000794013597680148
"SRS046755.SRX020527" 0.99519743170986 0.000928360138008653 0.00106815363143613 0.000947127850770543 0.00185892666992431
"SRS014291.SRX020566" 0.24301890643853 0.00104323892584688 0.000710681101582928 0.751583294827366 0.00364387870667443
"SRS057421.SRX020524" 0.669444911519135 0.302028521481787 0.0262762365020397 0.00175399011702391 0.000496340380015109
"SRS021938.SRX020679" 0.762415608255973 0.235449337399229 0.000857177107184779 0.000623343793051803 0.0006545334445612
"SRS021940.SRX020679" 0.769173100795772 0.228824445696631 0.000656284872541944 0.00060326097134404 0.000742907663710234
"SRS021571.SRX020682" 0.500971632087377 0.0123375650880855 0.465372654465311 0.0178402415814706 0.00347790677775602
"SRS064418.SRX020689" 0.715818602785884 0.00143097871384027 0.262848158328384 0.0190866880994446 0.000815572072447439
"SRS065158.SRX020689" 0.539405578188243 0.0642350954430443 0.218112841211694 0.00108638183405127 0.177160103322967
"SRS047419.SRX020561" 0.30867301391541 0.0408823370569786 0.00248701470119345 0.64729398913989 0.000663645186528406
"SRS014877.SRX020582" 0.703980347743814 0.00102754137531461 0.000888810175529383 0.239006425007793 0.0550968756975493
"SRS014452.SRX020561" 0.424571421648323 0.000518552507394077 0.000624315405509717 0.553578550109142 0.0207071603296314
"SRS023821.SRX021470" 0.556353973956223 0.333940448797197 0.0802451729395512 0.0286878121372011 0.000772592169827388
"SRS023270.SRX022229" 0.68578411471787 0.305220019631855 0.00159604792323359 0.00658138664926728 0.000818431077773581
"SRS043339.SRX022234" 0.270288547050754 0.0396928502098509 0.545089484333869 0.000732316886958749 0.144196801518568
"700015481.V35.241665" 0.822779302484321 0.0007328749063892 0.169985851983638 0.00581075734232341 0.000691213283327966
"700015104.V35.241773" 0.956261068326575 0.00442137051612635 0.00100534013942925 0.000958875742543306 0.0373533452753261
"700015557.V35.241712" 0.99164445327277 0.00119319939160423 0.0029474845894961 0.002090024496327 0.0021248382498032
"700015667.V35.241767" 0.885590828051506 0.0551874361067197 0.00150601794662488 0.0271397032481426 0.0305760146470067
"SRS011441.SRX020662" 0.000582714703568494 0.448366756349998 0.000438158674634984 0.550112152740765 0.000500217531034024
"SRS011441.SRX020664" 0.000971231572254101 0.409235406195099 0.000681119735830373 0.588549084955123 0.000563157541692881
"SRS018457.SRX019684" 0.423064472244325 0.148838246487239 0.395618904716394 0.00135698890903284 0.0311213876430091
"SRS024005.SRX019689" 0.272388703162003 0.0533676829003823 0.279422883182694 0.000873611707191411 0.393947119047729
"SRS011438.SRX020664" 0.00262622444257763 0.000510668913290973 0.000778821904960124 0.620866264882591 0.375218019856581
"SRS017369.SRX019687" 0.0523115091154147 0.246131867935356 0.529337665288849 0.00257959149016437 0.169639366170215
"SRS017798.SRX020195" 0.14515359406899 0.071662832129909 0.633371908603128 0.00141485363265781 0.148396811565316
"SRS017369.SRX020208" 0.0550569699570577 0.318907778813977 0.489512194043563 0.000886987780417354 0.135636069404985
"SRS014770.SRX020561" 0.0490197542686511 0.000512148341569173 0.000531537132854495 0.949403194811881 0.000533365445043743
"SRS015442.SRX020564" 0.123905421185723 0.633272887529399 0.00283198534379246 0.237546007684583 0.00244369825650357
"SRS018700.SRX020552" 0.309060986960253 0.0111344006939057 0.640219935475636 0.0309888666510929 0.00859581021911188
"SRS055191.SRX020686" 0.374481517023093 0.00165059365015714 0.602659038509112 0.00123878292344415 0.019970067894194
"SRS024297.SRX019692" 0.250336429174978 0.0502227131106522 0.508122148593369 0.0605779526924137 0.130740756428587
"SRS055470.SRX020549" 0.356834833536734 0.000729034981898476 0.221055496760146 0.420737418220626 0.000643216500595831
"SRS024299.SRX019696" 0.0520435796944197 0.247097919854434 0.309044762459177 0.00117024845418033 0.390643489537789
"SRS019679.SRX020566" 0.0421579749890918 0.0394872616923103 0.247796042387629 0.662134624303454 0.00842409662751506
"SRS048224.SRX020552" 0.511712172801285 0.198821924774916 0.0644283870390272 0.224060136660632 0.000977378724139618
"SRS044993.SRX020524" 0.575593193663577 0.0288581685664718 0.264720202718363 0.130003459072409 0.000824975979179281
"SRS020897.SRX019691" 0.369646841677117 0.167705245884524 0.378491546522507 0.000999879345432436 0.0831564865704198
"SRS023206.SRX019692" 0.742867722630742 0.0349442474702492 0.0193806791953113 0.000708496110303306 0.202098854593395
"SRS023204.SRX019692" 0.504612984598061 0.37908140373531 0.000922252506880148 0.0111450085000288 0.10423835065972
"SRS011177.SRX020666" 0.599022792978123 0.000732834800274488 0.129641893497378 0.00107803359723607 0.269524445126989
"SRS064961.SRX020517" 0.325116559055925 0.527026078023812 0.0216025598929009 0.0759377039083051 0.0503170991190572
"SRS058193.SRX020524" 0.712647625906396 0.0560010692383444 0.149630392520129 0.07931540888342 0.00240550345171033
"SRS046302.SRX020681" 0.75092551955585 0.141781335472833 0.000962222879409055 0.000661379768092627 0.105669542323816
"SRS047422.SRX020524" 0.582286802563848 0.365696884396787 0.0021847352570622 0.0494335978403624 0.000397979941939741
"SRS019001.SRX020510" 0.783829494974819 0.0209769667410989 0.193378329438485 0.00102740318061284 0.000787805664984799
"SRS050283.SRX020685" 0.497243092484407 0.0238246137122608 0.282395848289277 0.00114334143466423 0.195393104079391
"SRS023764.SRX019681" 0.958029304950811 0.00165531982079554 0.0370248152849008 0.00204166436822605 0.00124889557526626
"SRS042602.SRX020688" 0.0864827217440028 0.233005166466174 0.49852317980095 0.000707664365297784 0.181281267623575
"SRS046977.SRX020552" 0.831986059905566 0.00182477766183192 0.164109412178349 0.00132882263940811 0.000750927614845405
"SRS020153.SRX020683" 0.377605067988913 0.140010735283625 0.357184426320951 0.00129126423177593 0.123908506174736
"SRS023522.SRX020682" 0.000593412990943174 0.209221737918759 0.709119218359805 0.0167650426111324 0.0643005881193603
"SRS044970.SRX020549" 0.28414011209816 0.157264738752762 0.00396622423658839 0.553983466360534 0.000645458551956351
"SRS021334.SRX022235" 0.378758379498892 0.475976827960195 0.0755063922015209 0.0691854825889555 0.000572917750436791
"SRS019003.SRX020520" 0.539745300177159 0.00243892279665978 0.175131855249473 0.0010806951875164 0.281603226589192
"SRS014831.SRX020566" 0.000472721899167002 0.000491636442682171 0.000651917594651024 0.785967166247972 0.212416557815528
"SRS017092.SRX019687" 0.552796300229339 0.156166183917545 0.000844139344294247 0.0189326683403019 0.271260708168519
"SRS046505.SRX020524" 0.386337404957475 0.553981515727372 0.000932862166010223 0.058323946672821 0.000424270476321827
"SRS046941.SRX020524" 0.0424590985105086 0.662313680503487 0.0675731267856057 0.0261820009109068 0.201472093289492
"SRS024299.SRX019692" 0.0595256316918139 0.255288726225522 0.298042558864161 0.00195366969993804 0.385189413518565
"SRS024297.SRX019696" 0.0246418338372185 0.244798265321677 0.490183808740592 0.131578434963081 0.108797657137432
"SRS043253.SRX020549" 0.332374763900793 0.00134925937317344 0.000936660778184616 0.664716045303549 0.000623270644300031
"SRS017294.SRX019686" 0.510705369079265 0.00123972888962231 0.424590347216853 0.00238368893445613 0.0610808658798037
"SRS017294.SRX020194" 0.64835529385651 0.0015595740863145 0.289041201890227 0.00145268222361092 0.0595912479433377
"SRS014619.SRX020566" 0.000870663628072719 0.0405595918540884 0.000607596871149886 0.715078277179237 0.242883870467452
"SRS042989.SRX020552" 0.91803990338597 0.00423892068105142 0.00153432729819314 0.0752656867533402 0.000921161881445585
"SRS043704.SRX020685" 0.276889484304237 0.545301259641073 0.0867429414553281 0.00117284795816541 0.0898934666411965
"SRS058482.SRX020681" 0.640700539476187 0.245277241356689 0.000797841517193503 0.000618253104800887 0.112606124545129
"SRS023081.SRX020682" 0.140937132313008 0.0470318036642522 0.40878403862811 0.034970537846044 0.368276487548586
"700016654.V35.241837" 0.2723347060537 0.000460456051435912 0.000342024508401775 0.000372524151791148 0.726490289234671
"SRS046871.SRX020683" 0.682611242162411 0.0116360469091738 0.0331955350533722 0.0222153687503932 0.25034180712465
"SRS023999.SRX019681" 0.993383426802813 0.00140990683141819 0.00247985265853806 0.00126973061260974 0.00145708309462157
"SRS024001.SRX019681" 0.813798008348175 0.00167196899789045 0.00103844625243026 0.000908021631571383 0.182583554769933
"SRS051449.SRX020552" 0.750567480657989 0.247206920101557 0.0010031343608507 0.000627430329898016 0.000595034549705164
"SRS019447.SRX020552" 0.995629532872001 0.00164229973837217 0.000880904257893783 0.00107640411749568 0.000770859014237906
"SRS019449.SRX020552" 0.669820452370847 0.21885102911367 0.022913093947578 0.0878185602307721 0.000596864337133065
"SRS044834.SRX020552" 0.738681278496113 0.209278196191301 0.00276113538226362 0.0485759718150831 0.000703418115240092
"SRS055787.SRX020552" 0.791823339461069 0.0608253921309264 0.145738564546487 0.000848483173625718 0.000764220687892022
"SRS047581.SRX020549" 0.358855289472021 0.05795685745144 0.442562465848023 0.119068701504571 0.0215566857239445
"SRS019627.SRX020552" 0.134549888898958 0.471517938952377 0.179653485579872 0.213352405464332 0.000926281104460953
"SRS018958.SRX020552" 0.755232759808532 0.0106787304759885 0.00122164645699505 0.231858243342148 0.0010086199163367
"SRS065362.SRX020689" 0.538475864267142 0.00267855080114013 0.456328642390709 0.000559730642502472 0.00195721189850683
"SRS062773.SRX022229" 0.322104185717504 0.00219246398744885 0.672907858039457 0.00117199257309194 0.0016234996824978
"SRS049002.SRX020524" 0.640038269805303 0.206467407654432 0.107298265558029 0.0456202944950114 0.000575762487225133
"SRS045400.SRX020524" 0.000958846659424595 0.280059265636149 0.717846418375845 0.000634714038420188 0.000500755290161681
"SRS062961.SRX020689" 0.83239649188862 0.106434686573342 0.0144227845460086 0.045829904889356 0.000916132102673454
"SRS052055.SRX020688" 0.332762614568349 0.525073396479205 0.139043679884885 0.00130085972193791 0.00181944934562304
"SRS023762.SRX019681" 0.791151168356535 0.00573044347095463 0.200291366178232 0.00200443611607679 0.000822585878201835
"SRS053637.SRX020527" 0.992197322779714 0.00519187528754831 0.000937149060122554 0.000862523635512607 0.000811129237102164
"SRS048971.SRX020527" 0.568601806599433 0.00971492059249563 0.41135373544304 0.00982087506480884 0.000508662300222367
"SRS022697.SRX022226" 0.994389403605269 0.0014830524634371 0.00182704298764127 0.000984727719077963 0.00131577322457438
"SRS056181.SRX020684" 0.993801491800561 0.00203263647117771 0.00255904033524764 0.000977131041652493 0.000629700351361219
"SRS011673.SRX020668" 0.573237371578822 0.00138747290084409 0.0379510593758105 0.173054164000478 0.214369932144045
"SRS011606.SRX020668" 0.313884773381192 0.572344350122693 0.0316095700538958 0.0491065795779144 0.0330547268643039
"SRS019401.SRX020552" 0.976293259371195 0.00447144059495282 0.0174383443121318 0.00102364502283703 0.000773310698883429
"SRS011673.SRX020660" 0.712191542867886 0.000781553541075284 0.00113535604368203 0.178175413515916 0.107716134031441
"SRS019399.SRX020552" 0.909536298338199 0.00145097564290946 0.0642429644292787 0.0240270386512389 0.000742722938373439
"SRS019451.SRX020552" 0.724536752562973 0.00276660742670535 0.124294607233221 0.147502815721903 0.000899217055197364
"SRS014357.SRX020566" 0.55222545431911 0.000795855861657804 0.000808391214995205 0.445515218782727 0.00065507982150943
"SRS065478.SRX020684" 0.233946196895897 0.0219927729284383 0.180657810643082 0.00214077284088414 0.561262446691698
